2.41787,0.765473
1.8615,4.50035
8.83734,9.82071
4.05064,4.39463
4.49344,0.199481
5.59868,1.29701
2.27934,1.41582
0.0978551,1.6783
7.59138,5.83393
5.40678,5.91347
5.46513,6.1902
3.88141,1.3841
0.560703,4.72591
4.70814,0.882643
5.83808,8.6793
9.52454,0.699229
4.9844,9.81523
9.33835,6.1638
6.53278,7.48268
0.922305,8.79003
6.08231,6.53627
3.73531,5.52067
4.3005,2.02233
1.93962,6.60231
8.78676,7.07228
5.20527,5.03481
2.75777,0.395511
4.15743,0.428409
7.06891,4.57358
3.69838,0.196349
2.17255,8.58273
5.1983,4.18521
9.85355,0.0694745
1.86265,3.75991
6.49743,3.93538
0.511433,0.419933
4.66672,6.96653
7.78393,2.01665
9.69058,0.370758
6.05294,7.96161
0.967842,3.7893
9.2476,3.73548
1.57367,3.19346
4.9393,0.282573
3.59179,5.52331
3.14042,4.25198
0.99884,3.73506
1.42568,2.75107
2.53547,1.65146
7.71179,6.90666
3.59093,8.03162
1.13393,6.0281
8.83059,3.76764
3.90979,5.52439
3.93334,0.815315
7.20362,7.77638
5.15362,2.92797
0.41898,2.3077
1.22158,2.0484
1.82574,2.04486
1.16709,2.58134
8.51353,8.2385
0.0401547,1.02491
4.70259,2.42937
4.8021,2.0746
1.17358,5.425
4.86885,7.5556
3.73859,6.44919
0.826305,4.94866
5.32364,6.82151
2.83672,1.72652
7.47491,6.55471
3.15024,5.65216
7.90724,8.86967
6.56307,5.04952
1.35982,3.77093
1.03733,5.64727
9.12041,1.26837
3.78142,4.98105
3.80348,0.0797315
4.72024,9.61633
2.46336,3.66361
5.59192,6.32587
5.31149,8.17816
8.29483,9.63346
6.45213,2.2855
7.17008,8.4508
4.88944,6.44283
1.04457,6.27755
0.0106204,9.3305
9.72704,7.61113
0.393141,0.0315861
4.76559,9.87997
0.0798969,8.43628
9.61859,9.93831
6.00666,5.47888
1.95756,1.04284
7.83093,1.77216
8.37416,4.18066
1.27569,1.46753
7.18274,3.81569
2.25221,5.6007
8.80692,5.73555
9.80209,6.26601
7.55503,5.56856
1.15487,9.00521
7.78606,3.42615
8.95024,4.45103
4.33452,5.04519
5.5833,5.85418
3.58417,0.418507
9.43225,6.31751
9.99908,7.33153
1.98857,7.3449
1.67327,3.37645
0.676181,5.45697
1.40917,1.25587
6.57052,6.94936
0.753189,1.32892
0.335031,7.00837
7.43977,8.24856
8.21221,2.17163
3.17285,4.80531
2.99081,4.85428
4.73582,2.54248
4.14584,4.00988
4.90456,3.96162
0.910445,9.43235
8.98543,0.508829
3.30124,9.63064
4.27673,2.86832
3.38362,4.18246
4.45889,5.03051
9.36321,7.92417
1.0474,7.74128
1.82021,3.14651
1.2682,2.38882
6.59389,2.65588
7.3884,2.28446
0.760074,6.22141
3.6408,3.17114
6.09659,1.94375
5.8571,9.56176
9.2306,0.282881
1.9417,5.58376
7.35994,9.74467
0.203024,3.32095
1.69195,6.40914
6.22532,5.8947
7.05535,7.04975
1.80435,6.77304
3.80957,6.16163
0.285993,5.91059
0.768661,6.11711
6.38046,7.88642
5.19463,6.64077
1.95739,9.86627
0.142298,6.18447
2.79985,3.65665
8.59427,1.3242
3.13657,1.82857
7.68673,1.74454
8.10215,4.39842
5.09674,5.50327
1.70229,9.44282
6.7446,3.98345
6.03569,3.70435
8.22771,9.644
2.78665,4.61273
3.53054,3.3018
7.54942,0.767598
9.46809,5.13312
0.875275,1.01279
9.08458,6.47465
9.66483,6.26316
9.32598,0.13637
9.99433,7.599
4.10993,1.23398
7.9976,8.67728
6.83447,0.668786
1.40191,7.65155
7.44951,6.85098
8.42758,4.60591
1.24477,7.79196
4.6134,4.63302
8.07773,7.7069
3.40138,9.9017
3.99482,2.85025
2.72188,2.10834
5.03564,0.491234
5.1378,9.52827
2.19586,4.12703
8.33954,9.50682
5.89698,9.1459
1.88879,2.9808
0.697876,6.09153
4.87844,5.21622
9.43882,1.88625
9.94329,6.7273
6.18159,1.78379
6.87805,2.85086
1.35978,8.06776
5.71478,2.91505
7.93861,5.07343
1.81926,3.86428
8.0365,3.65236
2.07886,5.93325
5.39802,6.30345
1.69613,6.42523
5.50298,2.00218
7.14285,2.66409
3.92007,9.73751
4.88368,2.90687
5.00653,4.24118
6.49352,1.57497
5.89392,2.79867
2.44078,7.75001
9.28411,5.60897
1.57532,2.71701
7.09283,2.49518
7.30397,9.40755
5.40278,8.65703
3.58943,2.61159
3.48812,4.51389
5.69863,5.46288
6.8123,1.6667
6.04105,1.88415
5.18511,8.49203
4.36937,1.21304
2.52521,2.92032
2.02787,4.38062
4.45345,3.05799
5.19909,8.71956
4.3695,8.81103
6.27092,8.78696
5.9162,9.37786
5.08817,1.68055
1.20003,6.24826
1.92658,7.8828
0.0275811,6.99144
3.81064,9.55323
0.355277,0.873517
6.18181,6.74285
2.81288,0.385486
7.79263,8.29839
3.43864,9.35757
3.36165,7.73551
5.82818,0.724809
0.570678,2.34911
2.37841,8.86541
9.82833,1.05686
6.63155,1.59081
9.30937,5.40121
5.9028,5.01561
5.86631,3.46315
2.33172,2.55597
5.75538,0.168315
2.66766,8.10113
1.95521,6.63932
2.40678,6.43756
8.43236,1.011
5.88112,5.87618
4.95586,8.26942
3.81708,4.52031
3.88286,6.46443
2.85546,4.50602
7.69719,9.07338
8.84613,4.58542
2.50317,0.189797
8.04867,7.43476
2.7908,6.31557
0.764434,6.04302
9.96632,1.79002
9.21727,6.17064
0.507658,5.25275
1.56621,1.15243
6.2183,9.66592
9.9585,6.27575
4.25722,2.4915
1.44647,6.87289
5.15754,2.8537
3.67145,5.17058
8.80206,3.0225
7.52712,7.37601
6.20419,5.76733
7.99423,4.94568
9.10502,4.97769
9.51317,9.95748
0.443062,0.983918
5.23712,7.31837
7.05995,3.85793
4.10163,4.6118
8.53089,6.3245
4.34806,4.91916
4.17367,5.49475
7.26694,9.37156
2.05286,4.05988
8.19526,6.91874
7.68953,9.78171
8.17163,2.86878
2.66736,5.57592
3.23334,6.04113
1.85024,9.51385
0.296831,1.49982
6.33528,2.74884
1.96323,0.757664
5.31002,3.42363
3.78126,3.98327
7.04485,0.722884
7.49413,5.71943
6.36417,4.9144
4.21948,1.36447
9.23987,3.13984
7.3065,9.01624
7.1693,0.334215
5.33338,9.83251
5.47839,1.35259
3.65274,5.50767
1.21521,9.716
2.95652,8.33285
3.23778,5.85948
2.59421,4.50624
4.35279,3.0843
2.2097,0.62481
2.77717,8.20102
7.16828,6.76638
1.79241,7.38127
1.39462,3.39723
8.40402,6.65317
7.96842,9.42272
8.44962,7.15336
4.85586,1.30722
2.45895,7.06987
0.0937224,4.77966
8.32091,8.42971
9.72047,3.57105
4.95071,1.57451
5.72545,8.56124
4.40016,5.77027
3.37805,3.37233
3.20645,9.05517
3.07291,1.41047
7.71955,5.67602
6.58601,7.20745
6.04412,2.72391
6.46083,7.04825
3.14221,7.97864
1.13216,4.33976
6.36945,6.66355
2.69705,3.74574
3.55693,9.25425
8.93243,1.6409
4.98024,0.538195
3.72565,4.30852
3.46143,8.86601
2.35386,4.91748
6.85472,2.52613
1.19626,1.48291
6.06293,2.77745
7.18186,2.65503
2.59267,2.56755
0.691532,2.43546
6.45459,5.51902
1.52819,6.3724
1.99713,8.68257
9.3334,4.50872
3.71252,9.30283
3.50618,9.73503
3.95811,7.71815
8.06369,6.235
1.73254,4.09541
1.6696,6.34918
8.36447,5.84018
9.14072,0.968596
9.47993,9.06598
5.55642,4.0492
9.66265,2.57291
0.853687,7.26603
2.75429,2.02106
8.53316,5.71457
9.80489,2.56214
7.86391,5.85035
1.54623,2.16589
9.79188,9.9948
8.4598,8.45495
0.581881,5.64139
2.22549,6.44001
0.268738,1.4129
7.31473,0.557522
0.246919,6.40079
5.09498,4.10961
6.40234,3.51721
9.47042,1.81264
6.55368,3.37765
9.82502,7.78238
6.19096,9.65485
4.20445,3.08018
6.52823,3.01061
0.985026,7.97279
5.13418,9.17373
2.08901,6.09553
8.21364,8.87287
6.14295,1.09699
4.71896,6.25078
0.651693,3.78763
3.10273,8.8402
0.171651,4.37642
7.22362,8.4158
9.29331,5.44767
7.63637,3.25126
5.43034,2.96408
0.19228,6.50858
4.67798,2.10037
6.59758,1.98689
3.40252,7.93273
7.10038,4.77404
4.24168,8.37237
6.99182,6.35365
1.15201,1.71693
5.10278,8.70655
3.7889,0.845558
2.70482,2.11537
9.83579,0.651267
7.76236,6.67954
5.56246,5.143
5.83139,7.53957
6.73435,8.0991
5.32018,4.49844
1.33854,0.176471
6.57125,1.60566
0.653341,4.53982
7.59729,3.20265
0.309998,5.00203
2.6531,4.97284
7.00611,0.034754
2.81099,9.18973
4.00638,2.78405
6.59941,8.24775
2.8251,3.37214
1.77089,8.39163
8.28727,6.06925
7.34887,2.08044
9.67296,4.26492
1.28405,8.864
6.29807,1.68601
0.589828,6.26884
5.58899,5.46894
6.35838,0.302954
3.45426,5.07698
8.29758,0.683098
3.81836,3.74916
9.56221,8.13733
3.77459,8.82803
9.31454,6.83534
9.80763,7.58295
8.66961,6.90195
9.73601,8.10461
0.298608,5.59913
1.72675,5.55882
1.33064,8.00587
2.16908,6.3962
2.9273,9.16257
3.78583,5.03823
8.86712,9.42274
8.42682,8.79364
3.88114,8.44217
0.567143,7.52529
4.29132,1.12526
9.92415,2.53376
8.52722,7.4513
6.05488,5.11636
8.48262,8.80996
9.35958,3.44207
2.68624,4.85051
2.98261,4.79289
7.564,2.36966
8.48917,5.07634
3.80541,2.38923
5.10798,6.68061
1.83476,5.2094
9.13988,5.27649
9.30157,0.810929
3.78473,6.77272
6.41964,9.47254
6.6196,9.98153
9.22285,9.48326
0.131254,8.27481
7.90162,1.77095
9.08973,7.28423
5.4316,5.78577
6.92497,8.83773
5.52621,2.38288
2.04757,9.61229
8.97923,5.40772
5.91683,3.19704
1.82325,2.47972
1.10986,9.53864
8.94215,5.0469
7.91143,0.749144
2.54367,7.84405
0.756361,2.94655
6.46549,7.03344
2.52359,8.91811
9.23107,5.05493
3.65411,4.9162
6.52458,9.63553
9.75073,4.63569
1.89431,7.378
0.158017,8.23455
4.54099,6.93002
0.361478,1.71855
9.39043,2.98904
0.261427,4.97806
6.23604,1.17178
1.16917,8.03651
7.64356,9.97908
5.00369,1.58688
3.36954,5.6707
7.10634,3.41631
7.01443,2.8831
2.87547,4.05925
5.53121,2.87292
5.62844,2.00018
9.05991,0.122112
4.83535,7.10902
9.4391,7.59067
0.27433,7.52521
5.68517,5.93629
2.28338,9.17066
2.65466,0.751442
8.88199,1.95074
2.19853,4.55704
3.6175,4.40745
8.40664,9.31546
2.27568,9.72414
7.85849,5.9364
3.24491,4.49183
9.7028,0.783348
3.41894,3.24572
6.20341,5.4941
3.61845,1.72666
4.21418,9.26138
2.23547,0.228957
8.9806,9.22009
4.15189,6.34038
5.08817,5.9089
0.0642448,3.49342
6.71598,1.62327
3.51237,1.5944
4.29299,7.00022
4.3473,5.8154
3.91756,9.2006
8.61762,2.66927
0.345943,1.23047
7.78727,1.87994
1.53325,2.77624
5.17009,1.38593
5.9451,7.32758
0.977669,1.76693
0.519652,8.33441
8.69368,2.25287
9.53366,6.9121
5.26178,3.77396
6.44614,4.25701
4.01101,5.11463
8.35554,8.30884
8.98448,0.605263
2.90066,1.96829
4.45416,2.0481
1.56319,2.82644
1.26549,9.02652
6.14347,7.97934
5.92187,9.46125
3.73625,0.977639
1.34848,9.31079
4.66816,3.13312
9.29167,3.87073
7.32345,8.92739
5.22579,0.000117971
6.62716,8.95128
5.38482,6.97564
7.07907,5.84398
1.87028,4.77251
5.56035,7.93665
6.02824,3.57115
9.36024,8.32943
7.14022,3.63756
5.26234,7.11733
9.80518,1.3216
9.52906,8.86973
3.02282,1.59339
5.88788,1.40332
5.80746,0.279812
9.98497,6.65448
7.42275,1.14519
9.37763,6.7944
2.2759,7.43566
8.16896,5.54197
3.63879,3.77433
0.694571,0.132877
2.93593,7.49592
4.79337,9.12016
9.13117,2.60098
1.20637,7.9456
5.72903,3.35617
3.61403,4.73569
2.98911,5.36941
5.12931,4.87634
4.1721,4.29199
3.45431,2.29059
9.53806,3.1554
9.56439,0.304183
5.19808,2.88213
3.62669,4.47065
1.71123,9.49321
5.48211,4.09198
8.46251,9.23866
4.91773,8.40237
3.59054,9.67729
1.05235,9.88745
4.95178,3.43897
2.37435,2.86709
2.10869,0.146799
0.64048,5.51622
0.225552,5.74608
6.52788,3.40287
3.23691,4.32842
9.79392,1.92285
0.434518,0.435683
5.82176,9.5109
4.76233,4.91882
6.55856,4.68205
2.19958,1.34338
5.79344,5.78329
7.20672,0.728548
0.256457,5.86295
5.074,0.639027
5.66769,6.97024
1.68974,6.27729
6.37972,1.59679
5.47243,7.67875
8.26671,8.48304
8.44536,5.88713
3.77073,7.90034
8.42097,2.82528
0.175614,3.75365
3.38766,4.64976
9.08083,0.470981
7.46695,8.42322
4.76253,1.84977
2.20636,6.98276
5.22588,4.99201
1.16684,1.60458
7.19127,9.52706
5.43406,5.99357
6.29785,7.96698
8.75416,6.28254
9.9602,3.85258
0.232316,3.78715
8.6971,6.45335
4.01019,8.6456
1.35308,2.65162
2.71345,7.68827
3.62954,8.32952
1.33264,9.47407
7.17537,2.72358
1.49756,3.63496
1.98911,4.1111
7.45781,5.69333
6.83931,1.52302
1.47034,0.133708
4.51919,5.45204
5.11882,7.49801
0.403875,5.92102
2.8754,4.89187
3.15466,0.0314414
6.84667,7.44715
5.69154,3.83536
5.04281,5.62745
1.01365,4.80547
3.93605,7.52346
1.43075,9.019
3.6731,8.7394
2.16064,0.734039
8.46006,7.74137
2.87472,0.0958394
4.9453,3.82208
9.34234,5.62574
1.20877,8.69859
9.31237,0.252525
2.03937,9.52803
0.932488,6.58947
0.862146,9.99711
6.37052,1.64219
1.24068,7.05713
0.996101,9.5204
3.89471,6.08387
2.1504,0.115703
1.21093,9.03079
3.25386,3.14141
2.59732,2.77929
5.16964,5.32851
3.72086,5.55196
4.93824,9.1107
3.79226,9.5652
0.48676,1.305
9.74391,2.27287
1.42639,9.96458
2.34506,5.85926
4.95616,2.87644
2.87585,6.86896
9.37416,8.6115
9.53257,8.89583
0.594426,4.22862
5.60785,3.63614
2.93154,7.23349
2.31149,2.63967
1.1345,7.71557
9.55708,5.80468
7.85652,0.0809348
3.94956,8.65308
6.01291,4.28097
6.04952,8.53753
2.60349,7.94738
2.20401,5.66868
0.845781,8.82987
0.0551586,1.229
6.96117,2.85274
2.02773,5.00372
9.36036,5.38994
9.48001,3.13353
9.51406,6.50143
4.9743,5.52082
8.219,2.45076
8.64665,8.39075
7.06014,3.49338
2.28452,3.72643
0.747498,7.11066
6.05384,0.893149
8.56817,2.39406
4.53785,9.56876
2.08371,3.35754
1.60619,0.944686
2.06734,4.16987
5.04894,4.14724
1.60565,9.05872
0.648724,8.31635
2.70407,3.4751
4.23843,7.94217
5.22633,1.24486
1.47508,8.8561
1.33016,1.89776
7.77978,9.55085
0.426313,9.52825
5.85577,2.35816
3.87977,6.5834
4.41989,2.85843
2.24982,4.04639
6.93876,6.75668
7.11821,6.53932
8.36167,4.59088
8.66043,5.55843
6.76818,8.28384
6.94766,9.76101
1.89786,2.87315
7.58535,4.65349
5.43435,6.8927
3.11915,7.78436
8.49109,3.76349
7.71056,1.94641
5.22718,3.85825
5.16922,3.77735
6.68579,1.6812
7.6107,1.36934
8.1044,0.218648
1.52709,0.175971
2.96533,1.37505
6.5252,1.57271
4.36035,0.345841
7.72272,0.351431
3.17488,9.96569
2.31996,3.39399
9.73021,8.55773
7.69296,7.08153
1.41122,4.6327
6.13425,1.8182
7.41399,4.93245
3.66178,0.340307
3.86633,6.35845
6.51343,1.4966
5.38833,3.24143
1.35932,8.70756
6.18906,6.2475
4.95002,1.27645
5.11878,2.24958
8.97594,9.37374
7.45466,2.10874
4.82544,3.36087
7.1162,8.02389
8.09025,1.33745
9.7731,3.5893
7.36692,1.53862
1.62276,0.537957
9.28263,9.61698
0.0223958,9.47079
5.91328,6.68635
8.72667,0.675345
8.06198,4.41013
7.58549,1.43955
3.14247,7.1454
6.61634,6.10518
8.423,3.09841
4.27071,4.11628
2.39736,1.31112
0.541892,1.07208
6.10876,1.32423
2.786,5.56013
9.86232,3.67917
3.72758,2.02362
7.84309,6.86302
2.70988,6.19711
0.801067,2.70829
2.51813,9.33415
7.81549,1.54982
1.78782,0.0351081
2.2369,0.697234
5.728,8.50856
9.02965,7.48855
7.50637,3.58705
4.35372,9.742
2.27109,3.32709
8.50721,5.02375
9.38329,3.48824
3.78422,1.95802
2.07347,0.611723
8.51906,2.76192
6.21238,1.14142
8.22236,4.76613
8.56582,2.02343
4.75423,4.96095
5.34195,7.56749
4.37328,6.05438
6.88747,1.03408
1.82008,8.17425
6.86128,0.557791
6.04735,7.80038
1.42652,3.08164
3.15869,7.36562
4.91459,8.12652
4.02673,4.51968
6.54871,8.07504
2.40242,1.2581
2.63026,1.16344
6.55379,9.1152
2.94518,8.21767
5.35911,9.65332
1.71972,8.33185
3.44539,3.35589
2.47987,7.16485
0.455684,5.03394
6.44706,6.64842
4.42357,7.59899
8.16661,6.41299
1.5984,1.40776
1.65714,7.9854
4.62744,3.8239
0.454732,6.39116
4.54659,0.0243391
4.01925,6.93062
1.61473,7.52294
9.75831,9.6165
9.41835,0.9431
3.51402,8.81398
7.84466,4.37594
6.6082,8.33531
0.239485,2.44962
6.67164,7.22107
7.0172,4.71082
0.95362,2.08461
1.62423,4.11443
7.08057,0.439041
0.997234,5.57975
6.45685,7.00027
0.396862,4.21095
5.6094,5.92306
4.44518,3.76838
6.88182,3.10327
4.65727,6.28277
3.41472,6.8172
4.12702,6.25649
6.97836,5.39505
9.17001,9.82738
9.88908,7.72563
8.37726,0.44738
6.90481,4.20357
3.83411,4.31628
9.62175,5.81883
1.85534,2.4254
0.641466,4.32031
3.33574,5.63802
0.643011,0.865979
6.2359,2.61113
9.06057,1.39108
2.99471,3.43782
4.42318,7.20683
1.5441,6.60295
8.44529,4.08021
9.69973,9.31352
6.0524,8.89576
8.82837,9.5946
8.41773,5.9672
4.23688,0.593477
2.88923,9.97357
2.06905,4.59518
9.96578,0.911652
8.9518,0.865462
8.14997,4.74865
5.69972,9.39072
3.23861,9.41722
7.49981,8.28292
0.305739,3.36519
2.81028,2.29078
3.30059,4.11776
7.72771,0.344887
7.19031,3.93471
7.23197,2.44037
2.56067,9.51961
2.01194,3.68087
3.36936,2.23169
9.04745,4.66571
3.49453,8.1073
2.72159,4.1021
2.7278,3.92212
6.76849,7.65283
3.68179,2.80615
7.33757,5.75668
8.28657,5.56009
1.26786,8.94683
3.47589,0.450694
5.22556,8.66561
7.05757,1.68562
2.95953,4.81608
0.706789,6.05971
3.24624,9.84997
1.2528,1.90367
5.39102,5.81976
7.517,2.89773
4.28414,0.621296
8.01563,6.50722
7.48778,8.59759
8.5702,5.75351
8.47244,1.83045
5.88085,0.213955
6.16524,8.33319
9.45885,3.08921
4.68683,6.52048
9.60434,6.7588
4.32666,9.41886
0.366859,2.70997
0.573499,1.4681
6.311,6.86296
4.50038,2.66217
1.21161,0.765651
6.91498,3.08928
5.50084,7.77737
3.95747,7.05036
7.8725,9.86255
6.74684,3.64882
0.259166,6.70239
4.3542,7.93568
2.45594,3.30977
6.67534,2.78894
8.53399,4.27593
5.59097,7.48183
4.23762,6.87156
2.23968,3.46511
0.094986,9.90934
2.53952,4.5232
5.87362,0.405191
2.84903,9.99956
5.06281,0.124817
5.10821,0.826104
9.87709,6.34047
0.390349,8.77263
6.58467,9.20689
4.11749,3.85314
4.60015,6.63181
8.49706,9.48885
5.84398,5.07855
7.4776,0.345394
7.50488,0.564535
7.36596,8.9696
8.75033,3.95072
4.55558,3.88293
3.49262,8.02463
4.18766,3.13735
7.55342,3.76297
5.92463,3.74588
5.61273,3.2722
5.66566,5.96889
0.586242,7.95647
8.98523,8.45033
1.31608,8.4556
4.25053,8.35352
3.18105,8.65963
8.77732,5.38691
1.90081,0.948114
3.16639,5.05515
1.70533,1.29469
3.57932,5.80532
2.97396,5.9632
0.397861,1.06191
0.170294,1.38894
4.30366,7.30759
7.5563,2.18013
0.0794163,8.37877
4.7059,5.36747
2.2424,0.24261
3.92162,8.65633
7.44677,4.33717
1.01189,1.42647
9.58128,1.88709
2.10958,9.51602
2.84317,9.142
5.00437,0.547069
9.29043,0.406608
1.96241,8.25923
6.04944,1.29142
0.341024,0.318379
7.80716,1.80473
8.33154,4.49597
0.273763,4.74257
9.62481,8.12857
5.38647,9.14471
5.95774,5.515
2.58448,0.989463
8.03129,3.54068
9.06009,6.36137
3.83745,5.32444
7.44797,3.43542
7.32584,2.70741
8.95161,6.29217
0.784905,8.88261
8.0945,7.16931
0.303506,7.52585
8.08892,7.35111
2.65991,7.73699
4.12653,5.37266
7.3568,7.29616
0.187423,2.86445
0.965352,1.45323
2.30411,5.80258
0.623511,6.76166
8.68164,9.35569
8.16964,4.19864
5.37861,2.83543
7.08052,3.13231
9.50244,4.9844
7.14204,4.19289
2.08243,3.25003
0.416124,8.27186
0.848329,7.44162
5.36196,1.7484
1.29392,4.69665
9.21291,2.41154
7.79856,7.16628
3.57515,8.05153
4.60003,3.54446
4.51704,5.86761
5.42552,6.87276
2.77669,0.117363
7.92011,0.168987
8.43212,9.4137
2.08749,1.72922
9.08983,9.12776
7.94554,4.16676
1.3787,5.08348
1.12429,3.15461
2.91507,7.47827
5.26557,3.19274
4.46982,5.12793
1.9885,5.59129
6.56976,9.80589
1.21935,0.203115
4.80796,9.30298
3.40602,9.9346
8.69115,4.14527
3.05002,9.1327
1.19596,3.36965
4.99717,5.51042
8.0557,2.66317
0.00576024,9.81584
0.715439,4.71843
2.15687,1.79867
8.97638,8.77568
8.5904,6.37702
0.344417,2.53604
0.452931,0.671865
3.34365,4.6253
7.14965,2.1504
3.15321,4.00362
3.07271,3.07814
3.72219,9.38099
6.94862,6.13579
3.22753,4.70573
9.97424,6.34403
1.55131,1.18211
4.33109,6.84643
5.18118,3.60365
8.59793,9.73145
5.54795,1.79988
2.44232,9.77762
4.78369,6.04182
6.52209,4.4419
2.86307,7.68071
1.59734,7.17528
2.27978,9.93573
0.157317,9.13839
5.12915,0.678151
9.79007,1.66189
0.564425,2.17318
2.62932,1.52458
5.42783,1.8348
3.69363,2.28717
6.21736,6.45487
8.4405,6.51799
0.362569,5.21851
9.27431,2.52795
5.51569,6.89036
6.10825,3.27714
1.52486,9.35921
9.51419,0.545798
9.76303,7.02788
3.47902,3.50615
5.67627,8.51245
7.95274,4.83692
1.75058,5.24345
9.97669,5.88732
0.496514,1.98625
7.99161,2.23713
2.16293,0.491949
7.87628,1.96156
8.91557,1.36415
4.58111,4.38325
0.240022,0.768112
5.39879,4.4486
3.6133,1.43128
7.3468,7.08821
1.25702,9.1121
8.15711,1.12434
5.72537,8.0169
5.74134,5.20234
7.75224,1.37712
3.23052,9.28566
3.44439,6.28797
7.3767,0.205836
1.73573,7.10093
0.944612,5.54616
1.12234,6.68151
8.06281,0.886642
3.15599,8.87285
7.27646,9.96795
6.85463,0.194064
1.21085,5.21335
1.64963,8.49673
3.87654,8.27562
1.56483,0.076668
1.40501,0.147195
1.19177,2.15692
7.89134,5.29705
1.72126,6.74676
7.05525,6.24402
9.90046,0.70318
3.67834,4.33303
6.49912,9.74432
3.26825,3.1167
2.18858,6.49079
8.92471,7.36002
4.69053,0.298856
3.09904,7.03857
2.82998,3.60185
2.75063,3.206
9.92264,3.69558
1.64696,8.4202
2.66813,4.65398
5.95874,7.62176
2.37609,7.79446
6.95686,5.81258
4.80142,9.36506
6.94831,4.0926
9.65517,6.6568
5.94793,9.26152
1.65079,0.620854
5.92358,7.63014
4.24657,6.73943
4.13488,9.53869
4.66015,1.06532
6.135,6.46226
5.02168,5.497
3.51294,5.20378
8.06481,5.89449
2.54991,6.10882
3.05249,2.34046
1.24865,3.8967
7.83917,5.665
8.08018,4.40803
0.662458,9.4453
0.199123,5.7352
8.97246,1.52066
7.80174,4.55057
7.06204,2.19649
6.33741,4.8849
4.5523,9.98102
3.30114,5.68865
4.42181,8.19314
2.09296,6.67403
9.57213,2.90546
7.96251,6.66364
6.54581,6.25234
2.41337,6.2032
7.13852,4.24783
8.70742,6.37405
5.54025,6.9524
2.55193,4.95405
5.08588,1.90136
2.56553,8.30204
1.98465,6.9319
4.432,6.83298
7.71544,3.03442
6.45416,1.65313
5.81172,6.31504
3.42599,4.88163
5.47021,8.28241
7.56811,6.7112
5.04389,2.61956
7.49053,0.34642
1.98197,3.05109
2.75525,2.72167
9.76673,8.9572
7.64458,6.09571
8.01193,6.15656
4.64129,5.44458
0.304493,6.90492
0.896138,6.10436
7.16317,8.33857
5.98302,8.15044
8.95801,2.04388
7.50397,6.81027
1.65634,5.73358
6.67758,2.43486
1.92617,7.11597
4.30204,5.43188
3.91158,0.0356072
3.16515,2.52227
4.63297,3.38867
7.88187,4.41952
0.508076,7.43625
1.43929,2.63633
5.7437,2.70861
8.45585,9.58772
0.542391,6.83251
8.78479,2.53099
3.72657,9.63303
8.2276,6.76426
3.68252,9.76644
2.48721,7.58605
9.86153,5.67821
0.376936,3.91185
0.181823,7.24429
1.44484,5.69812
5.22904,4.7099
3.24041,7.98176
4.18149,0.642913
9.47287,6.71675
8.37864,4.14027
7.66274,8.98957
4.4427,0.822951
8.02208,9.70777
2.66966,4.22232
0.591153,5.4011
0.0771491,3.73414
3.60272,7.694
9.17413,8.80699
2.63954,7.79478
3.84708,8.55282
6.4051,6.26626
6.40628,6.27851
3.6941,6.18305
7.7074,9.61184
1.68436,3.59892
5.73743,2.54854
3.40648,2.41602
7.71786,8.25904
6.95552,0.970086
2.18904,8.93667
2.94716,0.782911
4.97803,6.14106
7.88707,1.16225
0.0760762,1.22283
4.64093,8.11449
2.33418,2.7247
6.5753,3.09667
2.32536,5.55427
2.25646,0.889452
2.66168,0.430181
2.7175,4.09108
3.08268,3.78774
1.02445,6.15064
2.24471,0.40245
0.980374,4.6
3.36185,7.54371
3.78606,9.94236
0.215395,2.30732
5.11055,2.19847
6.34344,9.21793
6.82422,1.88329
2.69143,6.22296
0.0347684,4.73857
3.15511,6.29077
4.53689,7.42188
3.2475,2.17228
5.09299,7.92105
7.86793,2.12547
4.62021,0.034288
6.5754,6.75021
2.31097,6.7034
8.07285,9.46682
4.29535,0.758133
8.1113,4.566
0.556003,5.60656
1.15888,8.07696
5.24932,1.81118
5.36215,3.59849
6.07023,7.0573
7.73136,1.47712
0.916053,5.63221
6.32954,7.77916
5.46111,3.06054
2.02578,6.10596
9.05149,8.33323
6.70589,2.89647
3.17477,7.04287
5.42585,5.94187
7.99386,2.88366
8.79021,7.09398
6.50496,6.99144
3.09311,6.7627
2.86718,9.69113
3.44632,6.55092
1.69272,1.44162
5.46839,0.794724
8.63701,0.405594
8.39827,8.58947
7.1956,2.81853
0.314999,0.408637
5.82449,0.0511244
5.96672,5.0537
2.98228,5.02996
6.51103,1.17966
3.00058,3.62629
8.5399,8.97473
4.74139,3.02254
7.71145,3.92557
3.99847,0.346321
1.63889,6.29208
5.31952,0.832827
1.08483,6.26996
5.5684,1.84178
9.57673,8.86897
2.8878,0.787065
2.97658,8.60413
4.92736,0.670744
4.89596,7.30788
2.00738,1.81196
1.34622,7.43412
2.39575,6.80618
0.445326,9.51761
0.188815,7.97543
3.20477,3.89513
2.90847,8.88282
6.42107,2.35455
7.57422,9.32551
3.29582,6.35606
6.70645,3.02822
3.08726,7.5011
3.73258,5.57209
3.14672,6.03998
3.58032,8.69059
9.4813,0.360504
0.709771,8.52021
5.43444,0.795697
1.1506,1.6293
4.50523,0.408678
3.63819,7.71572
9.56999,9.66766
7.54905,8.89386
7.17639,7.96199
2.43064,5.97598
6.26052,4.60654
3.56738,2.78744
3.57337,9.00538
9.44822,1.22812
4.18258,2.65481
2.94032,7.07982
0.127206,0.446497
0.721168,9.66011
3.64091,8.96961
9.11787,8.52689
4.16368,5.84648
5.95189,4.10801
7.82322,8.15071
6.03611,0.18351
3.67601,3.84484
7.32344,8.94232
9.18735,8.86779
7.75217,0.250138
9.54932,5.22496
7.30338,3.72526
4.26704,9.05035
0.236582,3.8626
6.08582,5.19967
8.79354,9.56928
7.95283,7.79976
9.10746,8.4822
0.654831,9.46136
0.648502,4.17804
8.02004,5.17678
1.94498,6.98543
5.18104,3.68577
1.59218,1.82629
5.12427,3.75861
0.238339,2.81752
9.28109,6.24799
6.95041,7.50712
4.08738,7.72907
0.458813,6.58249
2.72154,8.10986
7.4297,3.3566
2.36354,8.36434
0.260386,3.79779
9.75255,2.86115
6.09404,4.15023
2.63056,9.41344
9.33496,6.26253
9.01369,5.38872
3.75787,1.4941
0.252074,1.64327
1.94462,5.76224
6.87557,9.27565
9.358,4.14291
8.77641,4.64708
6.77474,1.75241
7.30628,8.51252
0.43071,6.85256
0.883476,2.60585
8.86038,6.31668
8.57359,0.76957
5.94812,9.30022
1.94185,0.517337
6.72068,4.54738
3.19313,7.52963
3.07346,6.31604
0.908709,5.6975
5.50394,5.6844
7.08329,9.64473
7.70101,0.422702
1.69196,5.63236
8.368,0.886078
8.57085,8.89076
8.20253,5.44834
3.03842,0.249165
6.54179,6.50197
3.12363,8.96911
0.236462,2.66936
5.98423,2.76229
8.15355,1.57097
9.65733,5.55212
9.46344,8.75521
4.16112,0.812601
7.25115,8.08968
7.37138,1.83265
2.92783,7.56407
7.40942,5.91947
6.83061,4.18466
7.51174,3.1339
6.99394,1.30453
9.67172,2.23412
8.26786,2.40879
3.36268,1.72028
2.33513,4.92557
7.77744,0.658611
4.51726,2.84513
8.90736,9.34207
4.86348,9.52229
7.55989,8.28661
9.31955,0.180552
4.41853,2.26552
7.36136,9.17834
1.23726,5.47857
6.52956,1.78141
2.13775,3.29086
3.60358,0.0171768
0.972377,4.36561
6.83472,5.31752
5.76245,7.76669
4.25178,7.36003
7.19444,9.58542
4.86071,4.92597
1.94624,6.35004
9.66156,5.0135
5.46281,2.76793
2.29505,9.04661
7.23408,3.71243
6.22213,0.323399
5.98701,2.01331
8.42537,5.606
1.26104,4.94807
3.70344,3.40043
5.36875,3.19098
3.53507,3.04978
3.34393,5.74551
8.46724,1.15245
4.61113,2.26057
1.56302,5.61894
8.27008,2.9657
1.02784,8.24909
9.59202,5.5153
6.75561,9.52501
9.3722,3.58395
3.59101,7.33439
5.46865,4.95297
7.82584,6.14732
2.03344,3.727
0.76064,8.35416
0.770061,6.92116
1.88587,3.50849
2.59054,1.50237
1.87383,3.87476
8.99706,3.88457
4.56183,7.40333
4.20479,5.9134
3.05629,1.75483
9.9194,6.61859
5.25631,6.86239
8.31568,4.84678
0.743847,4.026
2.89007,4.98678
2.5972,1.28109
7.8063,6.60448
6.21317,8.46735
6.94178,4.18714
3.00272,1.02331
0.0850568,5.3667
8.62955,5.31051
4.67943,4.87995
7.55162,4.93213
9.92749,1.34737
0.868062,2.32525
8.049,2.49447
4.35583,7.05614
3.1005,9.8505
6.99358,6.37504
2.38524,1.12676
1.34671,8.03343
0.710977,0.746982
2.10865,2.75911
2.63093,9.41648
6.64801,3.3108
1.29987,0.211309
4.97664,5.69063
4.64489,0.103374
6.73607,3.89243
7.76749,6.33573
0.499608,8.14817
0.902861,0.887058
8.86472,3.00376
8.58703,5.74763
3.47281,9.09393
2.21396,9.93973
3.84519,0.0490302
4.3463,9.36888
6.73623,9.15919
0.0243665,0.853931
8.76812,7.13049
7.10414,2.95172
4.66867,2.07262
7.7388,6.03443
2.31283,3.77626
8.07602,0.6643
2.5502,4.63482
4.46859,0.171632
8.60292,4.30612
3.67585,1.64201
7.44586,4.02428
6.20928,3.84585
6.67878,4.01279
7.56331,3.68781
3.00379,9.87063
1.03418,3.76086
3.22953,9.33667
3.87451,0.739484
0.292101,6.71159
9.18404,4.66681
0.41711,3.14455
5.93881,8.01864
1.30187,5.32571
7.85043,5.703
5.90094,5.38085
3.1202,7.15294
6.03365,9.7455
4.25371,7.28376
8.8278,3.60156
6.45716,2.15107
6.74695,6.30471
2.42608,9.98085
9.88263,1.66105
5.30651,8.21267
4.94604,4.12691
8.33972,8.78107
6.66119,2.36977
4.53469,8.7801
4.44311,0.799007
1.25203,6.13197
1.97157,8.36492
7.61139,3.51888
9.63679,1.15128
9.59734,5.14908
6.87554,5.30385
4.73398,1.76269
3.54166,2.15235
2.92715,8.48791
3.80287,0.0982839
5.67341,8.71474
0.904129,9.10383
7.30146,2.96413
1.91003,2.39422
1.83203,5.48114
3.83667,7.96976
1.32676,4.91329
6.23189,6.86363
6.26455,3.01529
7.7229,7.61889
9.52703,8.10233
7.1672,5.55893
1.88816,7.30055
3.74183,6.49517
0.899487,1.09442
1.33225,1.43347
8.60178,4.94348
4.1714,5.50558
1.16808,2.1748
0.540923,3.41746
5.16546,9.74222
4.80231,3.66791
4.68377,5.24576
0.897722,0.666437
5.69746,7.75064
6.21926,0.421355
8.91394,1.57392
2.49471,1.1901
8.27953,2.62957
3.50457,4.21027
3.09087,6.11509
1.45352,0.299144
7.22288,0.361868
7.28198,1.27803
3.56226,5.28483
4.50937,9.93927
3.43818,7.5971
6.07014,9.27943
5.31412,1.04041
1.57314,5.77105
9.16724,1.32174
4.44192,7.45705
8.66915,9.42616
8.79891,3.76358
2.0725,3.25686
4.17885,8.46001
6.74979,4.5032
9.52215,3.32466
2.21557,1.25491
8.31697,6.92043
1.65292,8.39127
0.603995,7.01577
4.38467,5.6769
6.37955,3.43215
5.25081,5.56883
9.30611,8.80214
8.86065,1.70263
6.58512,3.12956
1.77613,6.55505
5.82267,4.3254
4.04911,2.38888
9.674,7.76282
7.43232,7.25518
9.98597,9.92612
2.06778,8.37856
3.21504,3.66349
0.863427,3.6029
3.47867,4.33224
5.55501,0.632993
6.35832,8.62632
6.02635,8.33619
9.24204,4.15714
7.80685,4.14406
8.93297,2.57629
9.53108,3.17913
4.677,4.74537
3.7297,8.04907
6.78269,8.88158
8.38511,7.57842
8.44547,1.05679
9.68048,4.42085
1.34111,2.23615
3.8924,7.94698
6.60868,0.733329
8.28614,2.08387
6.34946,3.4194
4.39199,4.91902
3.68992,6.43398
5.53329,4.40081
7.6584,9.14103
3.57036,5.22614
2.44269,0.266121
1.97354,2.52165
7.19316,3.63131
6.08447,8.84437
9.83065,5.11751
7.34257,3.09968
2.13088,1.29253
5.52884,8.98518
3.8451,3.96947
2.07228,2.69238
2.27597,3.76298
7.22548,9.94634
3.55444,5.32645
8.22508,1.68797
7.93847,4.88845
6.26632,1.95439
9.35214,8.32082
5.03671,3.89358
3.7159,8.21424
2.02256,6.95008
8.22944,9.12392
2.50766,0.290544
9.40977,6.33841
3.67173,8.88007
2.56635,2.71083
1.80373,8.87696
6.99736,1.28641
3.59714,7.07162
6.88258,3.89363
5.65642,3.78927
1.61138,8.21572
5.1005,9.63337
8.53975,8.57594
6.07441,0.31764
6.05753,6.43524
8.96536,0.515055
9.87954,2.38339
0.752406,6.07992
8.72683,6.81787
1.24445,2.51283
6.59079,1.5016
9.77308,2.24976
8.65493,2.75409
4.91768,4.0996
7.3017,2.26533
4.66055,8.82336
8.14226,8.4792
4.59371,9.26049
9.41385,1.14748
1.74312,7.64999
7.24952,1.89901
4.93863,4.56622
2.84394,3.773
0.7079,9.93556
2.33056,9.78192
5.71147,7.97732
2.30635,9.85685
4.67165,0.859153
2.58034,8.78145
9.45082,4.25035
3.31359,5.83517
3.61289,2.88386
2.042,5.8957
4.39408,2.79995
3.66359,7.49604
3.35833,4.60893
8.24745,3.57282
2.75127,3.63988
6.20164,4.2854
3.36895,0.516006
4.14879,5.3065
5.98209,1.41667
8.92502,1.18085
7.23298,9.20158
9.44101,1.71103
3.7203,4.7643
2.1847,3.09985
2.80417,4.32077
6.64993,0.483475
9.21653,4.28479
1.3344,8.13174
9.83947,4.83023
6.6498,8.82515
1.27235,4.9361
6.00638,8.13239
6.69702,5.47207
8.47602,1.8523
8.75529,4.92055
1.64051,6.97069
9.59911,6.39609
0.186141,0.798808
4.59991,3.12036
0.233948,1.28515
8.74813,7.95237
8.36757,5.29684
8.11578,4.57808
5.98207,0.993411
3.88406,8.42567
5.88602,6.73485
9.35799,5.97383
1.74856,4.56497
4.22389,6.62972
6.74271,7.29684
2.76009,4.50714
1.10647,2.69712
2.06353,2.20325
6.09745,0.985832
9.45138,3.13512
9.00039,1.50924
7.76846,2.66442
0.997478,2.19973
3.68082,1.53098
6.04932,4.58524
8.3839,5.22187
8.26359,7.1844
4.93961,2.14238
5.47886,0.706562
6.74154,0.063186
9.93851,9.37469
7.48075,3.61479
1.70678,7.47066
6.00843,9.63034
5.32388,9.90403
2.91636,1.66784
5.20005,9.84889
0.549229,7.70957
6.54549,2.00065
0.952002,8.90048
0.804626,5.79654
0.0946389,3.68819
1.135,1.78059
4.22158,7.05963
1.55808,6.26545
5.30568,8.55348
1.21275,3.55511
2.17995,0.289891
7.37299,1.76258
8.00263,9.3128
0.488224,9.67898
3.91703,5.68825
9.9377,6.4575
5.38481,3.98713
5.99644,6.74078
9.74841,2.17463
9.30537,5.98436
6.78262,1.39285
2.40958,9.43029
8.99814,9.47878
4.56283,8.01855
6.6599,0.615963
6.57872,9.10076
2.31333,8.05295
0.927334,8.29029
4.49088,2.95176
3.66498,6.69228
5.52698,7.19516
6.65182,7.85617
8.05225,0.0375535
8.33067,4.43076
8.17744,5.38703
8.53122,5.98258
8.16216,3.87112
1.85681,9.29588
6.9347,9.43341
9.45091,6.77159
0.0822543,7.88108
2.12922,8.41138
1.14823,3.58945
4.18057,8.43364
0.671025,3.23684
5.38567,0.261868
9.68602,1.88589
8.57216,3.40659
7.10614,9.40064
1.73952,1.83553
5.54362,5.49799
4.46986,6.72525
0.0772088,7.71593
6.01301,8.87681
8.59208,4.21511
0.889658,4.70553
1.27994,1.18532
6.30575,4.78059
6.36401,7.15136
7.83361,5.2846
4.49214,8.3524
6.65587,2.70119
6.14712,7.07456
3.59003,9.84272
5.74237,2.12678
7.08637,1.97255
2.57883,4.01866
5.12494,6.46082
6.23238,4.88921
6.33083,5.81385
5.79149,1.55397
3.85566,6.98133
1.50967,8.55611
1.3671,9.27238
3.08541,8.16044
9.21539,6.20288
3.67733,0.731052
6.23451,7.5113
0.231386,8.78328
7.72574,7.36001
4.78827,9.85522
6.12952,3.60488
0.679487,8.52118
9.71935,7.53635
9.58727,8.6408
7.41785,0.255414
2.64861,6.65087
5.83613,6.98764
9.7034,9.62432
5.41224,5.85817
7.33952,9.168
6.4284,8.27762
2.8565,1.09572
2.8841,0.532638
5.37392,9.48236
8.19571,0.565072
7.96743,9.71625
9.0866,9.71663
0.692772,4.21443
4.74387,3.20758
0.461148,2.49936
9.81953,6.40586
2.19596,0.312955
5.92041,0.862479
5.39566,2.15938
1.09566,3.97057
5.77405,5.84895
5.67472,1.64533
3.28233,1.0537
1.78787,1.02252
0.492438,3.34305
4.49664,6.05715
8.3436,4.09751
4.57398,6.29265
7.20907,1.94526
0.337403,0.876176
5.87003,1.10259
4.39075,6.65861
4.28358,2.05592
8.82846,5.54696
1.79149,7.78176
9.02491,2.20282
0.172628,3.99682
0.523801,7.4003
3.73247,4.33185
9.58188,6.53246
0.789538,7.68589
1.24143,3.45513
8.13766,2.50135
2.37261,8.81082
3.07824,3.4747
9.60094,0.703833
8.45414,8.72129
4.15928,7.19282
1.36736,8.70664
2.21417,4.55678
7.66874,4.55519
1.08203,0.593313
1.6346,4.71763
1.49391,5.8763
6.33232,7.60617
2.77512,9.60072
4.00047,9.37542
0.519903,3.07698
1.20968,6.31851
2.54688,1.06925
7.053,0.801611
2.99374,8.94832
1.17154,1.15381
7.84536,3.05381
2.06715,3.87257
2.50727,1.45148
7.74501,7.77204
1.49779,2.43881
5.73545,7.12038
2.51652,8.36331
3.3571,2.65251
2.8426,5.72033
5.54941,3.39513
5.2482,8.65389
7.83478,1.9892
9.97227,6.47752
0.932047,5.75759
4.26983,5.82149
2.875,3.32081
8.66314,1.75676
3.83257,7.58323
7.0853,0.973982
7.8465,2.82558
5.30597,4.14452
3.64917,8.18312
1.73275,5.58569
9.18638,2.83887
3.41872,5.26213
4.88971,7.7052
0.440972,1.03496
1.59082,1.3426
3.08634,8.64689
1.55926,8.46905
4.34899,0.307821
3.19367,8.63037
5.81593,3.3473
5.49811,0.278798
0.103041,8.42619
8.27387,2.99926
1.41006,8.01606
1.50162,4.63339
0.95988,5.07102
0.668408,1.35764
0.00965451,9.67176
2.59023,9.6219
2.69127,3.52651
3.74729,9.70242
6.71903,7.42084
6.23735,0.4117
4.41076,9.14378
9.44439,5.07459
2.63647,8.69868
6.90443,6.54609
6.88661,8.00564
6.89678,5.84122
2.14924,1.35626
0.836574,8.36523
6.31646,2.95815
6.40426,6.20025
3.97664,6.98686
6.63523,7.98168
1.15161,4.90251
6.00685,2.16379
3.45481,2.08698
0.913919,6.15824
9.58318,0.120988
6.55799,4.25684
5.98251,9.99247
5.8743,1.61247
8.43589,5.5059
6.9554,0.60675
2.08062,3.50397
8.14678,6.3771
5.7399,4.20969
2.81674,8.23625
6.73434,2.63319
1.29224,1.96927
3.20753,9.23563
9.38064,8.53899
2.45898,1.64591
5.71028,4.4794
6.20042,1.23676
3.23162,5.33114
0.841746,7.81216
7.2833,9.29782
7.32359,6.16245
4.66212,5.84337
9.69371,2.36494
6.72055,2.15304
2.74316,9.57691
5.91659,7.46378
7.90503,6.62521
9.26551,1.51896
1.03569,9.1536
9.30421,7.22952
9.26901,6.28278
3.36816,2.27368
8.81363,2.79019
4.97627,1.66907
8.88566,1.68255
8.86053,7.15764
3.04744,6.818
7.27107,2.36654
5.71201,7.10494
4.74899,5.56994
4.54089,3.122
9.42073,0.337585
9.25882,1.0615
7.3563,3.44958
5.9459,8.61508
2.87437,0.20668
0.662775,4.34916
5.21071,1.85233
9.57899,4.98742
6.72965,4.96242
1.21581,3.97521
9.84904,4.81411
2.63451,6.50574
2.884,7.85247
0.156915,7.94957
8.28747,3.44971
3.13153,7.50503
7.7196,6.66955
6.13867,6.78283
6.7415,0.299968
6.78789,1.05895
2.75783,1.01509
1.50845,2.19549
3.33394,2.04602
1.9169,1.09188
5.29746,7.16011
4.87357,5.17999
9.27373,2.44748
6.94315,8.31563
2.92365,9.21257
5.56733,8.66475
7.79573,5.73527
6.35059,1.28751
2.99806,4.86519
2.02162,4.22018
7.57041,3.20205
2.1748,1.55244
1.53233,8.2669
3.30298,7.15866
3.11081,2.86495
3.01357,9.08052
1.92033,3.04281
5.67612,7.25416
8.21736,9.86686
7.42416,5.601
2.74868,0.489563
5.15547,3.99901
7.48002,8.26048
8.63678,6.36547
3.80293,6.52369
6.23592,1.79458
7.17352,4.75449
8.49937,2.73895
3.35662,3.8228
5.60337,2.11145
1.4308,9.97139
5.43641,0.464443
6.80283,7.22782
7.04321,4.40944
8.83659,0.399455
3.87265,0.991992
1.63348,2.52794
6.83289,4.56737
6.31289,8.70841
2.54085,6.64412
4.71255,2.91305
1.21037,7.68937
0.0871087,0.853061
0.101906,3.53314
7.09113,4.32421
6.41731,5.83688
6.75658,0.973318
8.15019,1.91198
5.8943,4.84637
9.78416,0.783552
0.860909,9.24821
3.67228,3.67036
7.00065,5.83875
1.70521,8.48607
4.51719,9.3349
4.81734,6.44776
1.47367,5.17351
7.48656,5.51117
8.61837,5.61728
6.70814,9.79186
8.24223,7.5797
9.09312,7.27739
8.96149,0.541304
4.96627,6.38486
1.76728,5.31975
5.78024,4.63849
1.95403,3.57201
9.16702,4.38684
4.52118,3.21903
8.5831,2.86521
6.14854,5.59373
4.6202,2.39133
4.86084,0.406238
8.50522,8.79642
5.01065,1.39795
3.91486,4.81191
8.21031,2.48392
6.95011,6.67625
9.41107,7.70739
3.01241,7.27075
7.2074,8.15303
0.483693,3.28817
8.89091,9.51611
3.19494,0.892088
8.89902,8.99105
2.54594,7.79588
1.7473,6.76986
4.74657,8.8843
0.541649,8.04688
1.20814,9.19539
6.51214,9.79699
2.58108,6.47138
5.67661,1.18393
7.58891,1.3132
2.02849,6.43618
2.22614,0.221938
7.35872,1.96192
2.21002,5.31849
8.74216,7.51133
4.27883,4.57437
1.08835,6.20469
7.42686,5.31184
4.7735,0.456646
2.98199,9.9288
8.0553,2.09394
3.86486,1.59033
3.28641,9.99069
2.21415,7.4043
2.98065,5.79741
7.36952,6.82218
0.631044,2.18877
1.27302,8.2324
4.21255,8.49604
8.70393,0.110295
9.51764,2.03509
6.91904,5.30441
6.13235,8.63326
3.85042,0.85334
7.62008,6.02471
8.83583,5.61261
3.83034,1.7954
1.54849,6.48817
4.24509,4.80347
9.0643,5.76648
2.60594,7.60683
8.2298,6.27525
7.76958,1.65881
5.32311,6.3382
7.94096,4.53932
5.2589,3.37191
4.28925,4.59137
7.76454,1.61389
6.89669,3.34011
5.981,8.24221
2.52425,4.67375
5.82844,3.75429
4.25292,1.11584
3.40931,7.9529
6.92586,1.94078
3.20331,3.73893
6.87811,6.96648
1.09403,8.08603
6.75953,7.61621
9.14982,0.676007
4.17664,2.29235
3.71777,0.144931
6.03678,6.64783
8.29724,9.83896
6.98864,6.16881
8.03625,4.29163
1.76656,3.66063
3.70397,2.34409
0.527746,8.73252
6.20709,4.76839
6.88885,0.29428
3.59999,2.32711
8.51556,5.89186
1.44817,7.54175
3.7323,8.6967
1.4097,3.98959
1.64499,2.72439
1.63847,2.98834
7.94718,5.31339
5.33258,0.117451
2.34132,9.19316
4.3691,2.06932
9.73885,0.154874
0.580994,0.746606
6.40644,5.0679
5.58953,3.48527
5.83529,9.72848
7.27604,3.52988
8.07409,1.60239
3.47292,0.392421
0.61404,3.3755
1.61314,0.520413
7.08827,4.94271
3.30854,2.25146
7.84371,6.33774
3.77596,8.94861
2.48515,3.33127
4.06243,3.94796
9.59525,6.44728
7.40182,3.43954
6.4651,8.78406
0.848202,7.95074
0.423463,5.71571
9.55112,2.30654
9.90451,5.38495
6.72022,3.54171
5.56218,2.97967
8.33784,3.08219
3.92629,9.37814
8.63116,1.65674
2.78091,2.30024
5.81277,9.1936
3.04301,0.394058
2.42329,7.60139
4.47252,7.32198
5.96908,5.51147
6.8396,9.68311
3.81533,8.54831
3.74882,7.71663
6.48075,0.688953
1.69704,6.85556
4.3086,9.23472
1.74492,5.99934
5.02181,7.47999
2.5839,8.12101
3.66512,9.94384
2.18699,7.79732
3.97649,5.03529
1.38091,9.85874
8.32095,8.96212
7.2408,8.84829
0.670483,4.29663
8.94991,4.32624
2.44635,8.5461
5.29819,5.57137
4.68619,9.72328
0.6012,9.51306
6.56696,5.69842
1.22835,7.88519
9.34928,8.27328
2.5068,4.95054
4.60923,3.17654
3.14152,3.63168
7.97732,9.37729
6.69245,2.52022
7.30114,4.94607
1.18153,8.61474
3.37658,8.17944
1.6639,1.3811
9.71003,7.30323
4.42724,5.80985
5.27169,6.21546
7.40509,2.1153
8.15781,6.7423
8.94807,5.70627
7.74258,5.24297
0.304874,6.99352
7.26878,6.42926
8.37825,9.70457
5.77773,8.84104
3.40302,6.25345
5.10194,8.83265
9.22471,7.68528
0.928702,2.89848
9.49444,3.97016
6.44128,0.899776
2.60559,2.3335
4.68573,9.15752
3.70084,2.97741
2.62838,4.76155
3.26868,4.93229
2.59974,5.13628
7.60397,1.50792
5.39108,8.05906
5.1919,6.65322
1.31105,9.10818
6.38677,7.50336
9.71884,5.50574
1.55057,3.89711
2.66896,8.5083
1.14888,3.51043
9.15456,8.99967
4.4715,7.84792
2.9821,7.21838
9.8863,8.36697
2.86392,3.27788
0.793218,6.51378
6.70495,0.274678
9.92387,9.26884
0.843772,0.550189
8.10468,1.81022
6.54874,8.52217
5.31406,0.586923
9.89244,3.5221
3.88788,2.48766
1.4797,9.78095
6.87923,7.88189
6.331,2.5663
7.55386,9.63169
0.702986,1.98175
4.5678,0.325916
7.33793,0.319514
5.10858,8.30741
5.8909,1.9332
6.8166,9.78749
6.8802,0.265955
1.00275,9.94457
3.32595,1.04123
3.85268,2.67009
8.36545,8.96809
4.92586,1.21994
5.39949,5.90814
8.56668,0.3773
4.55341,1.21702
0.395931,0.975011
3.09927,1.54463
1.43488,2.38414
0.312304,4.90329
3.9997,6.94194
8.20593,9.92291
3.98819,2.9878
0.405449,4.37025
3.2735,4.60929
0.965536,8.80266
9.95793,4.34289
0.801536,4.7491
3.67352,1.33491
2.60874,5.61247
3.62251,5.82338
2.41416,6.67179
2.62566,9.14381
9.28185,9.299
3.46211,7.49664
4.45751,2.74942
5.44985,4.4702
1.07738,0.393047
7.07558,9.37607
8.13468,9.59586
3.55047,3.03745
1.45147,1.46195
4.70837,8.40048
1.71107,4.2936
2.26199,2.48167
2.65045,1.99606
2.98861,4.6579
9.44802,9.85746
1.08556,2.58323
0.413331,1.54632
3.27889,0.214675
0.0849003,0.861367
9.09858,8.09879
5.41189,5.83209
4.02678,4.88268
3.07347,9.58578
7.15662,3.25662
0.717371,4.92104
3.3966,0.231729
6.95739,0.819262
3.52059,9.07433
8.78933,2.98223
4.33791,6.84511
1.45907,3.41635
9.82519,5.97915
0.283747,6.26532
8.85626,1.38747
0.607027,0.401349
6.74469,2.67517
1.01629,7.81755
4.47464,3.37659
4.8313,7.89158
8.82543,8.95962
3.32955,1.27287
9.86229,4.87972
9.20712,9.75579
6.11398,4.80486
3.10307,9.98745
0.407732,2.64642
4.07517,9.16838
8.81838,3.35179
7.52994,0.610443
4.39095,8.65336
4.06462,9.10225
2.09454,2.86063
6.75079,0.132508
7.12047,7.91753
0.331289,7.87064
0.716784,0.88032
7.91951,0.302028
3.56416,7.93791
3.26174,2.15286
6.87531,5.36722
6.76472,9.59744
9.44996,3.8701
4.17815,8.60377
7.11845,3.40211
2.15251,6.29824
1.61232,2.10371
0.184225,3.84328
2.69301,0.875001
6.81091,8.61751
7.9779,8.27154
4.46987,2.58463
0.37488,1.75349
1.11119,8.85596
1.70496,5.22449
0.482191,0.0676764
0.0750771,7.92766
7.19525,2.62723
5.92351,4.87407
2.98583,4.64881
9.1206,2.30136
7.06471,3.71922
4.10308,6.57236
9.51726,5.33446
1.57988,7.03472
1.77495,2.20278
3.31866,6.05789
4.31929,2.02587
3.85571,3.60017
0.443421,3.56537
7.57049,6.9825
8.11398,6.27496
3.56745,2.85786
2.34982,9.69996
3.57784,5.6818
1.07234,5.70603
2.14082,8.3547
8.65187,5.51746
2.06262,0.747534
0.220833,8.16068
8.25334,4.37399
0.882988,4.71872
0.471671,0.686624
0.145667,0.0407122
2.3772,7.12954
4.83615,8.96753
3.52743,9.15422
0.706104,8.58068
4.235,5.44367
1.30814,3.33192
9.33821,2.57741
1.7893,9.2543
4.05248,0.13435
2.54851,6.39116
9.53763,7.75468
0.840694,4.01536
2.21275,6.12621
3.15376,3.8027
0.811191,2.27172
0.702523,0.454933
1.87411,7.02465
3.40149,6.46155
5.97477,9.22941
1.5958,3.14007
8.23028,8.14514
2.78746,5.9921
6.30934,9.42025
8.42795,5.36267
6.29451,3.75727
3.92954,9.26194
3.70954,2.57881
5.03951,4.27091
2.43571,5.3053
9.40715,0.0766076
5.96847,5.48067
3.49304,0.95102
2.11581,7.35328
5.63702,9.10394
5.77445,5.20089
0.383372,2.40969
3.12526,2.23871
0.546131,4.15449
1.63867,6.73682
9.92499,8.58594
8.59221,7.49489
3.81031,1.38691
4.8554,4.89375
3.35107,2.38194
8.05866,8.3853
3.19051,0.146979
1.55436,5.64792
6.82895,0.7492
9.26258,0.213409
8.71111,8.91224
8.57517,6.74652
0.242478,0.52222
0.664784,1.93972
3.69812,0.880572
2.13007,3.38449
4.46262,5.13016
6.06397,9.65568
2.65348,9.38676
4.46677,9.20625
0.276904,3.58366
8.2739,8.07149
5.581,1.69753
2.8634,4.5528
3.18223,5.20445
7.18639,2.53459
4.93038,5.38358
8.89042,2.96558
0.537263,6.99178
8.17968,6.04031
8.54727,3.0083
7.52353,9.37156
4.86159,8.71715
8.87042,5.62397
0.0366434,6.52139
1.26555,2.71679
0.040136,5.99803
2.66614,4.48867
7.86572,8.52695
2.39052,2.93228
5.80988,5.32408
3.94373,4.91287
2.86774,8.00891
5.00003,4.82595
2.44946,8.1622
5.42802,2.66894
7.3266,3.86033
1.06296,7.69843
1.12681,0.582882
5.8403,4.15533
8.75361,7.14021
9.03814,3.55912
3.01697,2.49056
4.63428,4.29904
2.29391,3.36001
6.1172,5.04407
5.52934,7.97706
8.22691,6.56117
6.35607,1.0558
5.89979,1.82766
2.23807,0.0893285
9.8344,1.64685
7.31018,7.62652
7.33806,7.39342
8.88994,3.88811
0.419683,0.717672
4.24176,3.54905
0.357819,4.80179
7.20537,2.24079
1.62227,6.56502
7.5478,1.21742
7.7879,4.26015
3.02054,0.877092
3.83702,7.72268
7.07307,6.20954
4.21747,1.02758
2.72383,7.07032
7.79849,3.8116
5.41639,2.89441
4.33524,7.57769
1.66531,9.73809
3.51554,4.98675
4.09035,6.15554
8.66653,3.54464
7.41267,3.94277
5.42626,5.10293
1.93042,2.06833
2.25105,8.71961
1.76742,9.82468
6.14815,4.39746
6.75436,0.264475
1.03822,6.64081
9.98175,5.59722
7.33964,0.41456
5.60434,4.68485
7.1193,5.75739
3.04621,4.5049
8.62311,3.76502
7.04891,2.00329
6.92159,8.55703
3.53146,6.05418
5.53394,0.986445
4.27179,1.00057
7.25062,4.47578
5.39707,0.634481
2.6979,0.525837
5.65638,3.13015
9.66839,2.2705
2.14789,9.81423
9.42241,1.03248
7.21789,4.4836
1.89476,6.09472
0.831404,4.25092
9.0237,8.02767
1.61587,0.283491
8.73464,4.87104
0.0861289,3.3093
2.51587,7.2488
4.19039,8.87879
5.63374,1.89314
3.81531,9.07127
6.83518,4.55848
2.53416,2.67906
4.09558,3.46041
2.21875,1.07695
7.31167,1.07228
5.37062,1.20468
2.54047,8.30832
3.71424,9.9701
8.29685,0.404542
9.73785,8.1459
0.306174,2.32932
7.34181,3.28532
3.73578,2.63545
6.50848,3.64503
0.918945,6.73777
4.05935,8.47406
3.83352,8.99732
6.79776,1.87053
1.70314,3.40768
3.48902,9.51683
8.08125,1.90315
3.18637,0.669084
9.37194,3.7887
9.8401,7.36384
1.17823,2.90758
7.64883,8.06836
7.2201,3.16492
3.73637,1.95543
5.41377,9.34353
8.40987,8.50548
3.51218,6.33734
4.40965,0.189553
3.917,7.95448
3.80911,9.60615
2.4213,8.99492
9.59695,1.32594
0.472412,1.09572
8.96417,5.66411
0.394139,2.00754
8.05274,0.714485
1.5364,7.48468
8.57394,5.10687
3.82909,9.93664
1.12623,7.92911
7.08198,0.545768
2.10882,0.914259
2.11253,2.83846
5.29763,0.085091
9.22081,3.89442
0.313245,0.702988
5.38915,8.80227
4.80554,4.50167
1.77839,0.815503
3.80483,7.23381
8.80759,1.26246
1.42627,7.97457
3.37936,6.32686
8.96836,8.46305
3.80996,3.66469
0.152144,7.62371
4.48368,0.943162
4.61747,6.07204
4.36432,2.83273
0.452641,0.485359
5.81565,0.129871
7.96646,1.53149
9.08698,3.85554
2.98355,2.54976
3.35331,3.11521
8.53399,5.44138
5.22867,1.15648
0.604636,7.58788
9.68574,4.17425
4.62246,1.65414
6.37129,9.03378
1.88015,4.88663
6.84179,3.45748
2.76817,1.35704
1.09979,7.729
3.40965,3.30694
7.67726,8.54627
1.8976,3.22142
6.79657,5.19184
7.54659,0.194321
9.21971,6.18202
4.78665,4.3922
6.373,4.03818
9.67564,8.99986
4.70768,4.74209
4.796,5.2767
1.60879,5.26627
1.51748,5.20086
4.21019,1.26349
6.39768,2.50469
6.2633,7.54893
7.83566,9.3337
9.8832,7.48565
1.78666,5.92154
5.04014,5.60329
1.4145,4.10782
6.96138,9.99474
2.10047,0.119423
7.80757,4.03849
1.72768,7.55671
8.91902,6.32746
9.02462,8.94278
3.14447,3.44092
3.13296,5.19284
2.65919,8.0474
5.62689,7.33035
8.46576,7.87296
0.737504,5.67451
3.6039,2.55212
0.977276,8.98817
3.78418,1.0572
8.89321,5.57766
5.74893,1.14828
3.90163,3.00144
4.61822,4.32658
5.65619,0.0337611
9.09049,3.12823
6.49169,3.11583
0.467718,7.84458
6.42392,6.7173
8.84299,5.87378
5.12857,6.46358
7.08823,1.84836
6.57915,9.58012
1.38832,2.89928
1.03882,1.02693
4.68156,1.77957
8.4894,8.18775
0.666731,0.247219
0.377067,9.26885
5.93171,7.41622
0.356912,0.618839
4.72343,6.13119
0.198674,4.26343
2.79012,2.53141
7.97242,0.706312
2.22582,4.536
7.54697,0.839189
5.56862,7.91712
9.99436,3.92107
5.1396,2.85018
3.9657,2.1165
0.632217,9.8203
5.58014,6.69035
9.4412,4.07057
9.66961,4.16415
5.32822,0.679121
2.79427,6.67755
8.56887,4.73395
3.60282,2.94982
5.53866,9.91634
3.3613,1.19996
9.91997,9.17796
8.67223,6.9055
9.8038,2.79773
8.89017,1.95511
7.85341,2.12918
4.84846,5.74348
7.87991,9.54727
4.38851,9.44824
9.87127,1.44522
9.28787,0.0695141
2.20184,0.726793
6.50952,9.16931
6.88603,1.11566
8.6317,6.53767
8.03884,7.19943
9.96539,9.1188
4.87594,1.82324
1.15408,4.51231
1.01456,9.30943
9.89594,8.19772
8.05802,9.59551
9.5532,1.47426
2.9772,2.65435
0.795387,7.02843
6.46284,5.57172
8.33894,7.37816
6.68542,8.50957
2.93622,5.89898
0.628241,6.00067
0.741416,7.97288
6.40008,0.629625
2.65487,3.41172
0.00247659,5.97014
5.49917,8.21192
8.55169,0.453668
8.20079,4.76249
7.20009,6.93458
5.30434,2.52988
3.23263,6.48449
9.80866,3.79665
1.4732,4.80703
3.0105,8.58443
8.28875,4.98447
0.569313,7.07258
1.87473,5.47881
4.37462,6.12233
2.44232,4.20635
1.86564,9.08678
4.51755,2.26762
8.97132,6.20222
2.33198,9.91184
0.939286,3.42609
2.51076,3.79947
9.94791,1.81991
7.69177,8.42424
2.42563,8.87846
1.32457,8.96496
0.962553,3.00762
0.628139,1.82395
2.81361,4.65478
6.35005,0.309711
4.8282,1.72141
7.25988,4.35317
2.24867,7.08491
4.49103,5.03493
9.22087,0.282248
7.13745,2.46994
2.95227,6.1576
4.27576,3.60455
3.7518,0.658434
7.37851,6.91733
4.65763,0.655722
3.12347,3.552
2.54348,1.11382
3.64394,9.625
1.78316,8.05102
2.74273,5.19799
7.03389,9.57959
7.57225,8.68102
4.71948,0.0511251
4.0227,1.87547
9.26234,1.34931
9.52703,9.27592
3.34307,2.27383
1.68948,1.84709
6.32053,8.13974
6.9723,6.85071
4.51163,1.52091
5.35716,1.84125
5.63398,8.11435
9.94675,5.22617
8.94486,5.90233
0.57483,8.42385
9.90003,3.73427
5.74711,7.70516
9.96938,7.89787
4.98333,4.77853
4.67948,8.44172
6.26314,7.93648
9.68232,5.21144
1.56422,5.24542
6.87408,2.16945
8.95115,1.11652
9.2833,9.78827
4.12898,7.64637
3.82163,0.652413
7.94607,3.91584
4.55782,0.208559
6.437,0.711824
0.162334,0.562942
9.89226,3.29718
9.27301,8.24864
8.22684,0.833101
3.88801,6.11225
8.59499,5.92774
9.4194,8.68977
5.10061,6.92228
8.54979,0.282985
7.90938,5.51306
8.25089,2.5226
9.93838,6.29212
9.10213,0.354794
1.25572,0.889732
4.06655,3.84959
9.49792,3.53175
6.09149,4.19821
3.04141,8.8302
5.00765,1.16935
0.591748,3.69797
0.0216913,1.01183
2.49515,3.96922
4.51203,2.85582
6.37627,9.42158
6.29146,5.66513
2.78476,6.10612
5.4459,2.18852
3.6749,6.98195
5.08428,3.38002
2.85104,8.61667
0.0134089,2.49186
5.58249,6.14151
3.47765,1.10217
6.65351,0.570659
6.40591,1.86717
1.12812,1.89104
6.60331,9.02256
7.6522,2.62331
4.58837,4.1929
9.64928,7.14859
5.77293,5.57257
4.92912,7.61295
2.56622,8.18032
3.427,3.1731
7.94726,4.12406
2.6078,8.2862
7.57478,9.32248
2.79675,1.37939
9.09789,1.92441
1.87963,0.30467
1.61252,4.22306
5.3745,6.30322
4.6543,7.90492
0.131014,1.77246
4.21452,7.16347
3.12215,2.26758
7.92178,4.40946
9.19527,2.27977
6.78061,2.90425
2.99416,3.94645
8.43596,7.82965
9.17322,1.98069
0.966938,8.01893
8.5544,8.26938
0.914419,5.3808
9.67109,6.6514
9.53539,2.5723
1.14744,8.86622
4.54642,2.40248
2.05187,2.03706
3.81717,2.95722
1.7813,5.9536
6.10426,3.9288
1.49044,9.41742
1.75758,9.89335
3.09223,5.38708
2.22144,5.64554
3.54072,6.37982
8.34107,6.26378
8.63081,2.13178
2.5554,4.92585
1.3978,1.77693
2.86695,8.02073
0.103625,1.98274
0.263551,2.94708
0.160008,4.18982
7.03247,6.50538
0.845886,1.8741
2.74072,5.17994
5.48918,2.67917
1.72252,7.8816
4.84681,7.15238
8.6299,6.43894
2.24335,2.29344
5.34194,8.32267
1.04328,5.77198
0.327933,5.21263
4.70146,5.50141
1.5319,2.21293
9.35689,0.065989
4.19627,2.44701
7.87561,2.37602
1.01074,3.83661
7.94698,2.11143
6.78959,1.23246
0.282266,9.59746
7.13542,6.51336
7.2057,1.47918
9.94433,1.23986
8.29573,0.971259
8.29473,3.94739
8.95056,2.9804
7.15736,1.06767
2.68564,0.226191
5.73131,1.14691
2.2848,1.38121
1.56539,5.06107
5.26596,1.93323
1.23544,3.57192
5.64328,2.09394
9.61502,3.03331
6.55942,2.00774
8.21729,7.70414
1.96129,4.35792
1.26835,5.15606
2.87061,4.33339
4.46596,6.83279
5.11998,6.73892
8.87071,6.87474
7.69281,7.48996
4.65601,7.32166
9.79889,6.07097
0.294092,5.85366
1.89396,5.02983
6.73929,3.81064
1.96549,2.44209
7.60717,4.90731
6.68994,8.5448
1.81645,5.83369
3.8484,3.32731
0.603252,5.1344
9.87263,1.61286
0.180768,8.12173
2.54196,0.154312
0.675933,5.16684
2.31432,8.51772
0.418827,8.05155
1.47196,6.26962
8.17888,5.09101
4.18048,2.31657
2.15104,1.00561
9.41826,4.59846
0.101805,7.67738
8.72172,3.37442
7.00683,9.7339
7.04986,9.35137
7.93137,9.41355
8.73053,4.52565
7.84464,6.88743
5.53359,8.65027
1.41347,2.24188
9.87776,4.54916
7.0524,1.45962
6.53249,2.21624
7.67451,1.30252
9.52727,5.04533
7.47551,7.58328
7.03769,3.04944
6.88235,0.369226
6.10921,3.12756
7.63681,0.540168
5.9087,4.71956
1.1906,3.28492
2.71664,2.02563
4.98616,0.357841
1.7316,7.55977
0.68953,8.43727
8.28155,1.05903
6.48705,2.15818
0.99813,6.76339
2.57915,3.81043
9.71417,5.11278
3.2536,7.88455
5.24245,7.42914
1.02196,9.80516
0.955817,7.21624
2.08115,0.086028
3.17656,7.40117
0.508506,5.55251
2.11206,3.72365
0.292348,8.23015
7.34428,6.62116
0.620009,5.14799
6.31646,8.94711
5.59162,9.15925
2.52694,3.92236
5.8438,8.99121
9.74056,8.38066
5.12773,2.07281
2.79233,9.90891
4.41539,3.28507
4.22868,8.12411
8.93593,0.973127
4.00777,6.00075
4.38636,2.13691
1.95003,9.40255
3.41424,9.95811
6.89723,4.6882
0.225428,8.75239
8.77418,1.96342
0.558474,2.59839
9.25617,3.86008
5.50615,1.79886
3.19953,7.60593
0.524346,4.07904
5.84005,9.81617
4.35625,5.19632
3.30692,8.59209
6.17722,2.59359
2.55119,7.31211
9.20002,2.14717
1.29176,2.13507
5.1742,7.18353
7.46852,4.53127
3.64434,5.5281
5.47835,2.58384
1.29152,4.02622
8.59957,9.20023
3.92257,6.35778
3.0734,1.39195
7.66624,5.95169
4.29157,6.44456
4.03134,8.7606
1.21988,8.93397
2.96444,5.33961
8.89171,7.77876
1.53612,6.16198
8.90633,9.55876
6.55152,3.70435
0.590139,2.86353
2.03506,7.72769
7.71218,5.91097
5.00725,2.40915
0.28046,8.64135
3.22613,2.8501
8.27366,4.02268
4.60472,8.29836
7.5441,0.797161
6.67028,0.57406
7.20657,0.496863
9.68612,1.24919
6.33933,0.705536
6.35647,4.27063
3.84999,3.34926
8.98045,3.80388
5.22083,7.47129
1.75478,4.65646
0.552758,5.98658
2.8384,9.158
2.34579,3.4979
1.29492,6.59316
7.81904,8.33761
1.37423,6.68812
7.86984,9.23024
4.06815,5.25609
8.80652,4.88312
9.36963,5.80802
3.94044,1.30361
1.92222,0.222685
4.66546,8.49482
7.15347,5.29774
0.177087,2.95968
7.60616,1.30119
9.35502,0.266169
6.10437,1.46802
6.88469,7.018
7.44463,0.269175
1.48685,4.98479
0.333183,2.7211
4.80914,4.47834
0.901225,7.23164
3.96006,7.65371
6.50379,6.93199
9.80812,4.86416
9.27385,1.07668
1.11654,1.34365
6.40383,3.20209
0.11299,5.85373
0.0436673,4.63141
4.81455,9.58157
1.41886,3.7394
5.93071,4.38664
2.78777,4.58828
7.71963,0.771142
8.38594,8.54838
0.592152,0.48919
5.02604,6.40558
5.59819,8.15491
5.46046,9.76858
1.0595,2.13796
1.69487,2.89953
3.6626,8.49102
3.03715,4.137
0.907341,6.45095
9.05244,2.28334
3.42204,0.914646
0.716112,9.11598
0.0549799,5.32691
2.14924,3.37292
8.34793,3.50862
1.86723,9.50244
3.11312,4.11974
4.28533,7.63936
2.50041,0.936554
5.50705,2.2335
8.3894,1.45006
4.92617,6.88898
2.5229,7.26073
7.11032,1.50104
4.22765,1.55571
9.50081,7.88336
4.08939,7.08754
7.76886,1.83489
7.6758,9.7602
2.66868,7.91911
3.66665,7.62253
1.79901,4.8521
1.87553,6.44914
2.96766,1.56744
3.70826,9.36122
8.23037,1.13596
8.36576,9.07987
4.2756,4.07375
3.09333,7.11665
9.11922,5.82658
1.67529,7.4225
0.688939,7.84975
6.24717,1.63444
2.93224,0.160357
4.44533,8.96167
7.20265,7.43369
6.09873,1.55764
4.25217,7.92089
7.31749,3.83208
5.58804,0.556136
8.04188,1.15849
3.60608,8.72181
9.05595,5.70905
1.94688,8.00683
4.03646,6.45652
1.31965,6.49973
3.27656,9.0883
9.18811,7.25542
1.40133,7.78664
7.43726,2.89953
9.20212,0.0873459
0.783184,5.10991
4.07149,8.69098
4.66623,8.68445
4.73121,2.21367
3.2276,1.92059
2.86583,0.585152
6.24959,1.36221
3.53031,2.35354
6.5969,8.84387
8.69255,9.20402
3.64094,8.06534
1.16376,5.10704
3.77564,0.665865
8.80685,1.21122
6.73858,7.75238
0.490558,2.1904
6.67908,3.11893
5.115,8.6218
1.35686,3.62435
8.79202,8.11769
2.76952,5.36362
5.79527,7.95986
0.480952,8.35471
5.25868,1.08733
5.68948,3.25164
5.5598,5.81535
8.67783,2.69443
0.974103,6.4044
5.25578,4.06017
9.69107,8.28151
5.86781,6.23193
3.65101,9.66648
0.5267,7.55425
8.42072,4.90735
5.64981,8.11987
7.93448,6.62371
6.10008,8.39143
8.22633,7.66983
6.73108,7.69589
9.85214,1.31357
3.24076,3.68098
5.4669,1.62596
1.53673,6.34755
8.45685,3.20638
6.16411,0.0497588
8.46402,3.692
6.50182,9.54831
5.34215,0.194769
1.94174,9.73135
4.26968,3.98893
3.46663,1.17957
2.33247,0.0684368
6.37986,4.0622
2.76146,8.35254
2.51659,1.69654
0.919604,7.501
1.64551,4.56868
3.62534,8.77212
0.00264206,6.03225
1.12149,1.4234
6.34316,3.1357
7.62657,0.977499
4.58021,8.87045
1.98724,5.66022
5.73259,7.86543
5.68343,0.340236
3.38185,2.38745
3.59001,1.36033
1.52309,1.34701
7.72154,5.20476
9.73697,7.42817
9.6954,9.06164
4.00284,4.56684
7.56936,4.75224
3.79946,9.03664
1.22076,3.26371
6.68608,0.583993
9.60695,8.13003
7.69576,2.01026
2.54034,4.24505
0.451224,0.786744
1.13339,3.6326
0.461973,7.6123
6.16388,8.07771
5.68222,1.15852
1.82824,6.50364
3.84124,2.49263
7.13452,7.5676
6.22647,8.57009
7.66243,7.01598
7.11392,9.24484
2.68073,2.61118
5.00695,0.608334
4.54703,1.39652
0.257251,7.28082
1.3391,0.20778
7.68886,8.05159
3.79306,3.43382
8.05957,4.272
0.435255,3.14005
7.1812,3.72836
7.31467,4.07376
8.8845,3.43343
3.58326,5.58533
5.31586,2.60838
4.62567,6.82389
8.92475,3.45766
0.136941,3.08275
6.81571,0.838272
9.03795,9.3639
4.89736,0.0659934
0.634153,2.7696
7.33376,7.8425
7.59828,2.38287
0.660224,0.994486
9.09219,0.793727
3.45381,2.3789
1.19785,2.91741
6.82481,6.83578
2.77081,3.25225
1.92832,8.49219
8.03344,7.58973
3.8363,3.87723
1.68822,2.58304
9.61981,5.53929
5.93116,8.72748
8.57589,2.60677
7.06861,8.20462
5.34561,4.82683
4.93004,2.14667
5.8121,3.9933
6.11326,8.84058
2.7658,2.94399
6.43567,3.18011
2.8051,0.436855
5.53275,7.15699
9.2736,4.87224
4.28035,8.48984
3.54013,1.18787
2.40822,4.2803
0.359693,4.31895
2.313,7.81287
4.71401,3.53456
1.63633,3.1949
1.89614,5.04269
9.97552,2.96258
2.56193,6.94828
5.20897,0.120353
0.233946,4.73309
9.14157,9.79012
7.96569,6.38639
0.260754,6.09182
8.01694,4.60482
6.78323,0.112871
9.01427,4.70948
8.68803,8.95076
3.27872,8.94026
8.32399,6.84281
5.41232,3.91126
1.99592,4.04863
8.06085,4.83306
6.74747,6.49801
0.6629,7.58214
0.971082,1.80223
5.57723,3.37466
9.69368,7.92584
4.52227,7.43933
8.08133,9.8168
4.43235,3.02184
0.793069,6.85562
3.55215,6.33161
1.12326,3.23601
9.87797,4.44336
3.37516,7.05219
0.299758,2.91549
8.72616,6.72113
7.35399,2.31589
3.27694,2.34772
9.34051,9.08377
2.15186,2.09712
1.75821,4.81437
2.27256,0.760801
7.374,3.3305
4.64585,6.53041
8.79833,1.23178
5.58862,2.05361
9.95972,2.66896
2.96206,6.90247
2.69175,1.52006
1.57599,7.29306
1.42743,4.78615
2.80113,5.56447
6.44727,7.27191
7.1554,5.16435
2.44154,6.97754
4.94366,3.31298
4.86264,8.77379
5.70429,1.03653
2.40403,1.65912
3.03074,8.28585
2.44285,7.04654
1.79896,6.94245
1.3259,7.9425
4.30182,5.35172
1.18367,0.780371
4.57419,2.40455
2.45483,5.07989
5.46889,2.67267
0.588721,9.75206
2.95853,3.44732
1.67884,5.64392
5.96073,6.02967
1.99576,3.37078
9.75708,6.56504
5.59259,5.13256
3.12159,1.81959
7.45457,1.56529
3.31212,5.27833
7.27928,5.48114
0.86098,6.31761
6.45698,0.397596
3.33494,3.73629
8.07267,0.165711
8.896,3.37945
5.56614,7.07673
1.05527,5.49177
5.84339,7.81119
0.56718,7.82934
0.735518,4.352
3.78496,4.26519
6.0527,4.81195
9.43526,5.16118
8.62695,1.67107
7.84692,2.85682
3.76898,4.29891
9.99437,9.22937
6.53271,3.97185
6.3666,7.66116
3.66551,0.825932
1.70032,5.51789
1.01523,1.29042
4.92223,3.76504
6.27949,2.56337
4.30274,1.17989
9.77967,0.0222476
7.50076,2.40185
4.27907,8.27536
0.864627,2.72407
0.908959,5.75473
0.555593,9.89251
3.73771,8.45057
3.55481,6.16843
2.5744,7.43322
2.05569,8.03842
2.33792,6.29451
7.41739,8.78345
9.3087,8.41802
4.46898,5.56163
6.19211,7.46666
1.96545,6.04671
0.534848,0.256817
1.56418,6.49711
5.49455,4.86619
1.42762,2.56146
8.41272,1.13662
7.26697,8.84905
6.10034,9.31097
1.16886,5.04056
6.7826,6.24373
2.61248,2.49266
4.23163,5.01863
1.24488,1.97389
1.64072,8.98423
5.30376,1.79595
3.58585,2.87468
9.81017,9.22229
1.7993,5.94953
2.1913,2.33679
9.01618,1.32593
4.34369,2.19777
1.07356,4.89353
5.79405,6.88177
5.89645,6.96902
9.27783,6.56603
3.08275,7.6127
3.51624,5.43627
3.84377,4.68049
2.86903,8.23818
1.55841,5.23112
4.2014,3.3345
5.27543,4.15759
7.55317,8.46079
4.56957,4.8039
5.66275,9.14063
6.30718,4.6691
4.44273,3.10704
8.13614,8.42272
1.01088,4.84816
0.270448,1.86594
3.12911,4.82701
2.33138,7.60023
8.24093,3.70416
3.57442,8.36768
3.18502,0.286797
7.55674,8.46438
9.39228,3.55279
5.93255,7.44971
9.55338,8.31611
7.03635,4.60995
7.42463,9.12263
7.05936,9.5099
0.857707,5.36997
6.61167,9.48025
0.61653,8.00227
3.90158,3.26341
4.11405,1.05956
5.67727,1.33612
6.51401,0.0703356
3.37954,6.93461
6.88794,8.6126
5.94573,9.73153
8.81906,7.88391
2.15999,8.57734
5.30142,2.30014
5.7193,2.93641
4.39287,4.18406
0.415166,2.82901
6.03613,5.39484
8.90824,5.25082
9.65672,2.89547
0.240804,4.94429
6.64019,5.44906
2.07776,1.33218
7.98215,9.26347
9.96378,9.07112
4.90403,3.60731
2.07541,3.6048
2.52892,2.92628
3.96703,4.27168
9.53704,8.73997
7.30547,1.22069
3.5854,3.9091
8.01367,9.47178
6.61012,4.52049
1.13318,9.78966
7.77952,0.42515
2.66818,0.178575
8.73592,3.35023
7.77844,8.66274
8.2349,7.20651
5.92821,4.54008
1.29037,1.2267
5.57225,5.88587
7.2551,1.37835
3.3236,1.25487
1.548,0.802934
0.361017,3.63009
2.94939,0.193228
3.43908,5.01087
2.5547,3.3423
8.07244,8.49743
7.23911,3.08783
0.174036,2.8525
6.12544,7.99665
8.32883,6.71659
9.72998,2.01735
1.6584,8.14066
7.30588,4.84083
5.56476,0.259487
9.2833,3.15353
4.93759,5.06804
8.33278,5.91122
3.62099,7.84216
2.77453,2.69525
3.46031,5.08377
0.5706,5.15901
2.994,1.53289
3.80795,7.8688
3.66705,5.80319
3.84547,1.48463
2.66912,4.67417
1.99294,6.99878
2.17316,6.75406
1.38017,7.41821
4.38791,5.47821
3.24001,1.76169
0.120983,1.25746
1.15905,6.77163
2.83274,3.29778
1.32652,1.34092
7.55628,8.56834
8.13979,2.27475
4.07229,9.9894
1.41447,0.962219
3.21173,0.270631
6.01989,8.55682
7.44406,6.34466
2.36712,7.29473
7.53935,6.76927
5.52258,9.25917
0.964196,7.69178
0.517664,2.76455
8.32647,1.98291
4.12691,9.49229
3.96413,1.85352
4.09184,2.54825
2.99633,7.0278
6.51275,7.52669
4.87167,4.17827
0.638794,1.82397
3.1711,4.17329
1.19745,1.79929
6.27438,1.68071
2.74995,3.87072
1.53143,0.422528
5.90409,3.91283
4.00298,0.877736
9.64721,9.5832
9.37739,2.44151
3.53507,8.80638
8.64529,5.41117
7.26393,4.62639
9.36859,4.87334
7.48408,3.62246
0.00706459,6.53911
5.57138,9.13198
1.50585,5.08185
6.06901,2.36828
0.940708,9.1734
9.3754,5.09728
4.63596,5.61383
9.48496,7.58523
6.20875,9.80656
8.58449,8.53988
5.67137,7.70715
5.18824,4.72401
2.87465,0.552026
9.12597,7.55297
5.23654,8.95268
2.72366,2.89057
6.18261,2.29607
5.01061,1.81962
5.95971,9.48877
6.71751,7.30835
8.45612,1.5142
7.7623,9.30254
2.57867,7.94838
2.91266,5.95003
2.46828,1.7969
8.10633,5.65302
3.19146,9.48667
6.19123,4.55879
0.154581,3.94522
0.777866,0.88248
0.944016,8.84931
2.51308,4.78613
8.7412,6.25545
2.6192,3.04815
6.95674,6.3374
5.43381,7.57302
0.520748,5.47649
1.63733,3.96103
8.44663,8.74377
4.19961,8.49651
7.38206,2.77492
0.719159,5.96885
2.15761,1.17591
8.34327,7.3909
7.79949,8.35548
8.72659,7.58079
9.43006,9.28709
0.33785,0.099002
4.05222,4.44632
2.18108,1.1763
0.208974,0.77817
5.7581,9.60047
8.57663,8.03404
4.17163,5.0805
1.5154,8.11816
9.61085,8.28851
6.06339,0.586581
4.21354,2.50889
4.87339,3.8057
6.65024,3.12275
2.84476,3.74669
9.37113,9.75239
6.34157,8.02224
4.6892,4.39487
1.4801,6.2952
4.66627,0.105659
5.47101,6.28027
2.89658,1.53989
0.3389,0.059628
7.64681,0.9541
4.22013,1.38588
5.22577,7.1181
3.93135,0.443598
1.94477,9.05142
7.22387,4.80996
7.31758,1.27948
0.913303,1.68596
3.56118,0.132283
3.8441,8.93109
4.65407,3.51642
4.60405,1.81785
5.78678,9.81481
6.98911,7.62103
8.3779,1.62624
0.958354,1.12199
4.68795,3.62849
6.90696,6.53882
3.90956,3.65072
8.82228,1.9795
7.14758,9.18093
1.87304,5.78626
5.1162,0.777645
8.69405,5.06105
4.48197,4.68652
8.17557,5.45309
1.91023,4.97559
6.08809,0.936853
0.778583,5.11522
9.00754,5.69013
6.70465,6.88046
1.30615,8.78025
6.12585,7.4831
3.66695,0.107976
5.39948,5.12858
9.20592,8.75163
7.33692,6.08379
1.86404,6.84367
3.57416,4.01085
7.63813,5.31433
8.47518,0.439316
2.96863,1.2214
6.87168,3.13653
2.50778,8.22589
5.62424,2.55782
8.34267,4.48463
3.66836,4.74923
8.17613,0.32625
4.46924,8.19799
4.35615,1.92256
0.379975,6.8319
3.19176,4.20092
4.21661,6.06802
1.0836,9.98624
0.546158,1.64451
4.32179,8.50093
1.82804,0.0764518
0.851234,0.671017
8.44453,0.814303
3.84713,0.834131
9.64516,0.823667
2.60028,9.25119
8.76064,3.16237
6.96364,7.31177
8.25507,8.25851
7.84519,5.95927
8.26966,7.15974
4.00119,0.938007
7.71594,2.56944
7.14799,1.97395
8.00228,3.06085
1.57742,4.22542
5.29533,1.93774
2.9734,6.546
1.28546,3.37513
5.42029,7.05329
3.44938,6.77579
1.55875,8.01108
4.87761,5.27105
4.90032,3.73144
7.10127,2.09209
4.8299,3.04064
6.58379,2.55262
9.53571,1.04976
0.59279,7.73617
2.82621,4.25648
3.4907,8.99584
0.345238,7.39036
9.57502,8.12497
8.44565,1.74047
9.40285,6.61541
3.29527,8.4892
2.01872,9.5741
3.73712,6.51585
6.41269,8.36896
5.59643,2.67724
9.56355,4.00939
7.63956,6.42024
7.62506,1.48438
0.880201,0.246372
9.38352,6.99532
0.186724,6.28932
3.71376,2.47235
6.16704,1.62519
0.159958,5.10679
5.18463,4.4386
5.29657,9.16988
9.8726,5.62546
2.78248,6.38362
8.95436,1.17988
4.04666,8.71789
1.25829,8.96757
4.43712,3.76061
9.44083,4.39384
5.46175,0.13027
4.14983,6.3167
2.15089,2.26283
8.00267,8.08102
6.96282,2.62938
0.27754,8.57675
9.23455,7.49066
6.69857,4.74511
3.24924,4.59666
7.47927,0.627022
3.80546,3.88464
6.04792,8.2302
7.64234,3.10069
5.33977,0.107011
8.67121,2.56082
7.67837,0.430866
6.90934,2.75409
7.53292,5.82707
4.22945,5.53338
9.83201,0.951487
9.98098,3.31943
5.19803,8.53778
0.219836,2.06336
8.52581,6.72042
8.00293,1.42377
4.44773,5.45686
4.12903,4.23201
9.76576,9.54697
4.96603,7.86434
9.42,5.27933
1.57827,2.34357
9.67582,3.01182
5.82634,5.35717
5.95571,6.49172
9.8622,4.72556
0.362468,5.00167
6.17284,5.54226
4.25369,5.10194
5.87526,5.25666
2.53982,1.04678
7.86899,4.14626
5.77306,2.63265
2.16886,7.39442
6.65953,5.33438
2.2003,5.9585
8.13023,5.52791
0.571052,7.15744
6.86951,4.52264
1.82029,5.62442
0.0784812,9.54673
6.12768,7.3288
9.97269,7.68551
5.64204,2.73254
3.63905,9.97509
1.17698,3.81497
6.95538,0.573845
9.36841,2.83846
5.13188,5.3312
8.76319,8.10315
5.91214,2.7111
5.38787,3.98842
4.34857,3.39544
6.80367,1.33653
7.01263,3.49882
4.85359,1.09589
6.34307,6.83853
1.21379,7.8895
3.58012,1.58494
0.586733,3.85951
0.658466,3.31052
4.70294,5.41276
7.17417,5.15526
7.43152,7.92822
1.44188,5.29448
9.53084,4.30603
0.366483,3.64562
6.66422,4.42936
1.96806,8.6634
4.46925,6.38261
1.21682,1.16372
3.96546,7.12606
5.66276,8.78944
4.46399,5.60672
8.59382,8.16535
9.87395,9.53429
9.34469,7.64966
1.1363,6.60238
2.66254,4.6862
8.03911,2.04896
4.60748,6.86389
4.28744,3.40683
0.479986,7.88504
3.74883,3.04859
0.389011,4.93125
8.4826,3.05237
4.48955,1.40467
1.19232,4.33147
9.967,8.2637
4.78828,9.66001
3.56803,5.67457
4.72616,5.51372
5.64825,5.61423
7.33272,8.98423
3.7879,4.01494
2.91906,3.23164
0.305262,3.87306
8.00087,0.522942
1.7488,1.6293
5.53539,4.65998
9.10624,8.70973
0.252273,9.66129
7.7215,7.92275
1.37683,3.59324
9.11772,1.31132
8.11096,1.32044
4.53849,4.23468
3.34742,1.81579
8.77408,2.23075
7.51648,3.43701
6.39304,9.5089
4.34971,3.70263
3.89866,2.14263
8.18819,8.97531
4.34562,2.17739
8.91604,1.95668
0.82367,6.56735
7.56775,4.54839
1.7779,4.45206
4.25257,1.34921
8.22141,9.13044
1.37668,0.0315745
5.25526,5.54057
5.6538,0.864009
1.05548,6.32138
5.57172,1.79692
8.66233,4.29983
0.993214,5.00429
9.73634,7.90262
8.73194,8.77723
9.93742,3.822
1.85234,0.208033
5.84197,2.80597
7.69919,4.84624
9.52204,8.7606
4.51606,2.66419
7.4075,0.203904
4.14058,0.175587
6.63363,2.79243
4.78046,8.96145
4.11707,9.77408
3.52003,6.19576
4.97828,7.07294
5.27217,8.98438
5.9121,1.19958
9.93618,2.3833
2.17493,7.7539
7.35465,0.192589
5.53424,6.56258
5.87993,6.74795
1.71163,7.39017
4.24932,6.23445
9.00259,5.549
0.702862,9.29012
9.67418,7.61641
1.01277,5.75755
3.9497,8.68859
1.23857,5.06004
3.76979,3.66547
3.3868,5.57665
7.62928,7.5976
6.56775,6.63103
8.07857,5.01606
5.59234,0.631855
9.57755,1.61898
4.06776,2.21783
8.44366,7.36672
0.793182,3.83376
9.86762,0.886964
8.88352,6.08939
0.581647,2.49693
9.43862,2.18694
8.50188,9.69636
8.20343,2.22788
2.75561,8.62404
6.67288,4.36182
4.66021,1.5665
3.08483,4.8532
9.03859,3.01645
3.15134,6.42194
8.08709,1.50722
5.93274,7.85913
0.303386,1.63915
9.10689,9.95605
0.599143,0.39634
6.29554,6.41029
6.17497,3.91807
4.73559,6.31242
9.27541,9.10632
0.702096,7.17897
5.97329,9.59379
6.46436,2.63729
9.50492,7.08266
4.85853,7.32004
4.1415,5.49376
3.99243,8.03316
7.42351,2.79927
6.97305,5.07697
0.235839,1.90902
1.51553,8.12868
8.62645,1.89197
8.77484,1.76177
3.20513,7.89921
9.47048,9.85007
3.67421,9.18537
5.08599,8.33916
6.76168,7.93547
8.13974,9.16113
6.605,8.97668
0.991007,9.02432
3.70028,5.44329
3.12603,3.42872
8.93744,6.43882
5.0254,5.43734
4.07803,3.40188
8.52553,8.86736
1.18374,9.70602
5.54226,1.77877
2.38182,8.99869
0.692836,6.89717
2.66172,0.491043
2.86095,8.45576
5.45043,8.94942
2.16994,7.4873
5.45056,5.33284
6.00308,2.59282
5.79643,6.95592
7.48722,6.29975
6.59072,5.67837
6.24775,1.57891
3.99721,3.63367
2.40643,9.8764
9.10954,8.6619
9.09304,0.678702
8.68566,9.64097
4.25447,0.652196
0.613125,3.92748
7.86562,5.58654
0.742621,0.0272978
4.66683,3.39117
1.86784,1.9968
0.330002,8.31665
4.51527,5.16122
9.32402,9.49085
3.266,9.81408
2.23712,3.74889
2.15862,2.39744
7.48035,3.64858
9.57263,7.89617
4.37447,4.36983
2.07026,8.54179
2.60211,5.46479
4.37579,0.892495
1.61102,9.61128
6.37979,8.19605
4.20972,3.1818
7.59779,6.3679
4.94453,7.6987
6.73711,9.99574
6.00584,0.233782
6.30351,9.82066
2.60094,7.0524
2.22693,2.06206
6.16827,1.12817
5.4663,4.24863
3.38003,5.20319
8.83208,8.18539
4.32507,3.37407
3.12824,4.33836
4.51136,1.96864
5.61263,6.58695
1.47226,6.99736
5.08883,1.23235
9.0666,5.23751
4.06687,2.07516
5.61646,7.03288
6.52607,2.47751
8.56434,4.87261
1.92331,0.325253
0.853878,6.23624
1.41908,4.57065
5.75335,2.88448
3.31227,5.09519
1.60343,2.78499
8.39175,4.14113
9.72975,1.72046
5.81584,8.12043
2.6557,1.4459
0.262237,1.76313
0.603903,2.29474
0.576415,8.78351
5.50209,1.42212
8.22651,4.43602
2.33645,6.50876
1.85312,7.53648
5.95363,7.62955
6.1335,8.82335
6.4088,7.36658
4.87725,7.20088
1.56621,6.56305
1.40318,2.21593
1.34296,1.66018
9.13525,6.06613
3.94621,8.30853
6.24506,0.856102
0.654907,3.11833
4.68252,5.08467
8.53338,4.90638
9.64283,1.75902
3.86172,5.03519
9.31513,4.33163
6.49157,3.77639
0.830638,0.849104
6.0916,0.190462
1.91107,4.09216
9.62486,2.04401
5.46888,1.49296
2.67459,1.16943
4.1549,0.556672
5.64049,2.47581
0.0452219,7.46677
7.07644,8.39367
4.8455,2.30684
5.36794,6.48409
4.29261,9.53556
9.67751,1.16268
6.34753,3.63224
2.16014,3.25928
5.98031,6.64787
0.643137,2.36232
9.30753,5.85828
3.5064,8.0193
3.68558,7.46619
0.453685,7.75872
2.24704,3.29762
9.17444,7.13527
6.45337,6.10535
5.51757,5.35185
6.11055,4.96104
8.16402,6.18415
9.7776,3.96387
6.01713,3.89653
6.72419,0.700743
5.72486,7.70192
1.95283,7.53736
4.61609,1.97962
6.66256,6.90053
6.73131,8.84444
6.58307,8.27498
3.6274,5.9315
2.9087,5.72299
7.30111,8.47984
5.47038,6.90715
9.57408,7.74148
3.90404,9.50677
3.0914,6.99003
6.42567,3.24305
8.09172,6.99875
5.52994,3.7825
2.27394,8.06716
9.89581,2.5319
3.01605,2.38975
2.61849,3.43781
5.57357,0.866895
9.74606,6.54152
8.36483,3.10557
7.00668,2.26832
1.09463,3.3597
8.7277,4.8759
5.04969,4.38355
2.02609,0.452277
1.40989,1.42959
2.56627,4.15448
0.352787,8.67372
6.54816,8.30867
7.89104,7.02015
6.8574,2.16832
9.99169,3.07033
1.09523,1.00397
0.672058,8.09211
1.30139,4.10627
3.47135,8.86574
4.13194,6.19082
8.44383,2.89449
9.01155,6.11811
0.965535,5.78208
2.15505,3.93631
5.81135,1.16029
9.01899,4.58184
9.2712,8.58628
1.60496,7.49526
9.29323,6.48654
6.36183,2.89842
5.17528,5.57667
8.48414,3.68253
4.3957,6.83124
6.91176,7.63844
7.96996,4.13192
4.92434,1.69681
8.34709,5.60084
2.38004,2.20922
7.47457,0.56755
8.73397,1.81664
4.63175,9.97747
5.80884,3.13904
3.75992,5.59626
9.99337,3.99739
9.32182,6.72462
9.56092,6.14996
9.06692,1.19145
9.64019,1.32202
1.75943,8.98171
8.63414,2.02977
9.80734,1.84188
0.638436,9.29698
7.11261,4.04693
2.83218,7.10419
3.58639,4.64876
4.07807,0.805327
0.925009,4.2652
7.69011,2.24584
5.87113,7.27626
9.66217,0.0640976
3.69967,0.114444
9.62275,3.46567
5.02259,9.58209
0.245266,3.83885
9.30663,4.49429
7.36957,2.75686
8.90049,1.82294
4.04403,7.35396
3.736,0.894677
8.20778,3.63221
8.27903,3.19192
3.8738,4.50843
3.93653,5.814
1.56041,7.35214
5.24716,1.10331
7.6939,6.60419
7.82547,2.48845
5.25588,6.02918
9.84567,2.68352
2.40272,8.57121
2.27571,9.59551
2.56541,2.90058
1.48115,5.42433
0.130611,4.43196
0.714013,1.75299
2.90511,9.96196
5.30748,5.10286
1.12934,8.95712
5.99766,7.22639
4.85976,0.552676
7.51176,6.19195
0.911072,4.69115
7.67058,1.70265
4.35035,0.0271537
9.22906,8.30308
3.87256,0.297557
3.30207,9.82496
6.86692,4.10167
9.38217,8.26069
6.2409,4.70691
9.52253,9.84961
1.39382,4.50029
5.44064,7.2258
1.21153,1.30655
8.70892,0.878577
2.85331,1.35622
3.60476,6.17532
6.93279,8.36361
2.30326,0.55653
6.66184,9.46381
8.589,6.66408
3.19482,6.41799
6.80116,3.0979
0.83529,0.0691325
9.78813,0.674132
2.76255,5.16452
1.19379,5.14822
9.28885,7.09228
1.60245,5.81972
4.6462,8.13098
2.64806,7.04339
0.343011,7.00623
2.28717,4.04624
6.08563,9.73867
7.05055,8.7305
3.91128,2.5854
9.02468,3.58005
2.56403,1.15918
5.0093,7.54168
8.06874,1.85515
1.37391,8.00776
4.78223,6.23595
6.68229,7.78405
2.38118,6.07861
2.84309,8.09417
4.50051,3.17244
7.93785,1.67979
4.07648,9.57779
0.0318476,4.19338
6.16889,5.87787
3.7718,0.997216
9.65142,0.948172
7.96177,4.71335
7.08589,2.86617
6.99175,9.37973
7.98654,4.19872
7.68537,1.80735
5.17741,7.0276
0.821588,4.48734
4.55775,6.13096
0.484762,5.89742
9.24896,3.72127
8.15331,5.31137
7.62957,8.76073
9.45476,9.65473
3.9836,1.8854
7.83119,4.96756
8.20649,3.76491
4.50597,2.60967
9.9093,9.21398
9.68884,9.44454
4.73936,2.62169
8.77588,1.36288
0.582149,2.60811
2.58329,1.37401
0.801469,8.03874
3.60901,2.66424
7.07023,9.0996
0.257633,5.76552
7.77997,2.85805
5.74525,5.21517
6.59649,0.974618
0.815843,3.95616
6.24993,2.44495
5.84937,1.62479
8.5492,0.490345
0.113355,1.06478
9.24172,5.86526
5.95654,8.50603
0.576825,8.95915
8.81337,4.83507
6.83311,4.86363
5.90012,1.90025
1.73791,7.99189
4.25572,8.50199
4.03781,6.06207
5.48322,8.2639
1.50858,0.408388
7.00661,6.22821
3.24424,1.88273
7.90156,5.60159
9.99272,6.40811
6.35553,8.42739
3.17476,6.8586
2.94576,9.74124
4.81672,3.05276
8.91964,3.96385
3.19105,3.01984
2.75237,8.06855
3.35771,6.05313
1.97393,7.08516
5.75907,7.96556
5.55409,4.29322
4.04257,8.44324
7.87437,3.42567
3.87131,1.51082
7.02669,2.87883
5.87487,3.90812
0.516239,1.17617
1.62916,7.54812
2.80723,5.36849
8.77394,8.61675
4.61329,5.9199
2.40535,4.50717
3.59465,6.98748
2.16889,4.72566
1.00905,8.94011
2.25916,8.21051
9.99479,6.59772
5.75422,0.233825
0.329724,5.03062
6.56893,7.72545
3.31124,3.11025
2.44544,3.86414
3.75243,2.6967
0.809449,6.85646
1.62403,9.11113
9.936,6.97457
6.35412,0.606622
9.07243,0.570298
5.36321,4.9953
1.84387,4.44395
5.71232,0.529983
5.65306,3.63548
9.30369,1.99615
0.112104,1.17969
9.20604,8.31131
4.11502,5.15305
3.86254,2.91792
0.764633,9.22203
7.18738,4.56042
2.5669,2.83566
2.28556,5.41712
6.31702,8.69462
4.47763,5.84089
0.800832,5.97041
7.40055,5.48336
8.58256,1.43726
0.928072,9.49081
5.33216,5.23878
4.08419,2.93036
6.36295,9.69121
4.36763,3.07137
7.85879,7.81516
1.60108,8.20634
6.28508,8.12291
2.00603,1.81052
3.1909,9.43594
7.71478,2.42995
6.00557,9.99398
7.72667,6.53497
2.41956,3.82553
4.41586,8.39956
6.48183,0.745111
9.43342,5.9782
6.7945,6.60647
7.97222,0.116919
3.47134,0.853532
4.68751,7.33558
6.65179,5.13981
9.53435,1.03157
1.07266,7.17276
8.14603,1.41278
0.0701895,7.14981
0.899009,8.72554
2.93674,6.06594
4.83249,3.83134
0.416948,5.91526
8.72361,2.58449
0.354595,4.60728
9.56257,5.1265
7.45392,6.14501
8.05151,8.80167
9.42423,9.21302
9.28737,8.74656
9.85453,8.47931
1.08911,7.92954
0.186154,0.894386
9.02474,3.07035
8.19771,7.24966
0.946476,8.23451
1.79952,9.48556
5.65306,3.77824
4.36418,9.1191
9.25537,9.05093
4.62065,6.5666
9.76615,1.77542
8.06217,9.09523
2.80659,6.44401
0.539466,8.99779
3.3674,4.26358
3.68876,4.82089
1.77183,8.0853
7.58002,1.0876
7.5749,8.17715
9.21997,3.10308
8.33618,4.97565
9.82854,8.26295
5.40395,4.05643
9.49001,4.75362
2.31175,2.78165
1.25677,7.12456
1.19179,5.41621
7.62377,5.51798
2.17902,7.766
1.06376,5.47756
3.63107,4.09988
6.50558,5.66799
1.86087,4.76687
2.64138,1.02701
0.580737,5.5928
2.07565,7.4053
6.38461,1.82752
6.23654,8.95265
5.31516,9.55524
0.311359,0.309037
2.36944,5.21548
0.602661,2.71603
8.35901,0.842835
3.66689,7.25726
2.83862,6.46856
1.16455,0.85683
7.84261,2.12073
2.64376,8.49037
8.38288,9.53561
6.72875,7.39805
8.78519,0.850298
8.46724,1.9222
4.33488,8.27056
0.900496,3.71437
2.68017,9.74273
7.23808,0.107482
4.89827,5.37764
7.72754,2.55436
2.07887,4.02235
2.13656,5.50042
5.36526,3.85619
1.4751,1.6757
0.675333,1.06991
9.94925,3.40824
1.76894,6.51347
5.03452,5.38121
7.45915,3.73496
2.82465,8.38982
7.91743,1.30388
8.16166,3.24664
0.662545,4.88034
8.86459,6.28566
6.9652,8.6607
3.66047,9.71708
1.26418,6.42118
3.23997,9.32848
2.89084,9.9628
9.47741,2.62106
6.65104,4.65506
3.95463,1.76766
8.67637,1.01366
2.44107,8.16971
4.29627,9.46989
7.66646,6.54627
4.50145,2.87198
2.37165,4.9289
0.676301,7.04877
4.45635,1.00471
4.89957,0.291598
9.58477,7.85885
4.59635,7.9507
2.75771,2.1683
3.50537,1.76619
7.13568,9.14464
1.4826,1.96239
2.85313,3.15043
4.85547,1.11245
8.89714,4.39868
6.07544,9.96593
9.74756,3.91468
6.20649,9.93524
0.730928,7.2388
4.66772,7.44761
5.60345,0.459346
2.72954,6.40591
7.04431,4.08638
9.32894,4.2054
7.68538,8.74822
5.22579,8.65475
0.231202,9.92679
7.81241,1.58821
6.33315,4.63441
0.430207,8.02116
8.46864,1.94732
0.996666,8.30564
2.74772,3.53365
3.92339,7.09162
7.98197,8.01154
5.22181,0.724907
6.31675,7.05164
6.1316,2.89767
7.88559,1.50797
4.62769,4.7502
5.3992,4.75165
5.36246,5.61695
5.17981,3.86629
1.98817,6.3345
7.92821,6.97055
2.30248,4.43581
7.58118,3.98932
4.40892,7.30651
6.85203,8.99662
1.39016,8.92789
0.391136,6.24581
2.169,7.69571
8.90376,7.45058
9.15547,4.20099
9.07406,6.80319
4.8631,2.14849
3.07017,2.91287
0.702332,6.67525
6.14719,1.40954
3.0483,9.30815
9.03535,1.88921
6.58781,6.97937
8.35348,0.855482
6.78235,5.05133
3.48054,8.11179
9.42121,8.48464
1.80666,5.55845
5.77537,0.244215
3.59456,1.18021
4.37385,5.49303
5.97361,5.8331
5.0888,1.38451
0.82414,5.82085
2.69761,2.83223
0.107359,5.38072
9.94911,3.14312
7.94115,4.69694
5.53628,0.195412
9.19554,7.40313
1.62978,7.3933
1.28523,5.66401
7.26562,7.24343
3.72612,9.90594
8.53889,0.782605
3.41274,4.54489
5.04385,5.26973
6.16346,5.21449
6.63909,3.60268
5.20065,1.77409
5.80258,7.21418
9.92041,9.34024
7.00105,2.94638
0.200729,7.01683
8.24064,1.05872
8.01052,8.25639
9.64025,5.29685
0.128357,2.73097
4.30036,5.69981
4.317,0.875394
7.82221,9.06373
4.66275,7.38146
0.391327,7.03299
2.6184,0.190853
2.87313,5.73562
3.36431,5.36549
6.32204,4.44428
9.0655,0.0501669
2.09402,0.398515
6.56923,9.61522
8.73777,0.0809239
2.17076,9.30103
5.50999,4.33462
8.05497,4.0329
1.87401,7.69777
6.25553,3.35275
8.09962,2.62725
3.46769,0.157036
9.91514,5.71671
5.68301,5.29134
2.79582,9.78892
6.41192,5.87191
4.47101,9.90245
5.04027,5.69932
4.44788,2.36846
1.64699,1.25402
3.90628,0.118664
1.46664,1.98693
1.02685,2.35301
4.64306,4.35755
5.17807,8.09121
3.81604,0.820479
1.53758,9.53068
6.11294,3.05056
3.02235,3.86718
7.4422,3.85931
1.87841,4.79194
5.63452,3.56699
0.991468,0.409926
1.54659,1.2733
5.69242,3.51609
5.15997,6.36379
5.91134,6.40712
6.73376,5.61157
9.56646,0.527324
9.64021,1.0987
3.98908,8.84436
7.23647,2.78997
0.0715054,3.60479
2.01493,6.12116
3.34897,4.45407
9.85097,1.43827
5.21859,1.56909
1.40959,6.15174
6.87096,4.90246
0.637375,2.66843
7.33131,8.84602
0.214477,2.6364
0.0409037,2.86713
1.45614,0.828783
0.151291,1.81443
3.53743,5.34747
2.71727,0.715407
5.58802,1.3343
3.0725,8.12308
1.98222,5.08716
2.71771,6.65661
1.52587,7.8454
3.49893,3.39329
3.31795,4.78276
1.7503,6.0444
9.5728,3.49844
5.05813,0.128156
8.66144,1.32371
1.76051,8.87841
3.21119,7.68076
0.766798,7.71655
1.30956,3.21932
7.69898,4.51935
2.2948,0.336569
6.94473,5.58619
0.61191,3.86736
6.81826,0.609329
2.16344,7.31893
7.4956,3.61496
4.22326,1.77299
9.69487,9.16786
4.86917,7.83915
1.04281,3.81958
8.75072,2.59385
8.74424,0.98788
0.458715,4.28448
0.346758,4.68692
5.71817,3.7207
4.48926,6.60818
0.0623882,8.82039
8.16754,7.35475
0.900532,6.66235
4.85465,6.27574
5.71083,7.24508
7.27339,9.1283
8.16054,5.35684
8.06409,2.8282
2.9179,6.00061
0.436225,3.23224
5.241,3.17764
9.40693,6.86984
5.62945,4.73484
7.50018,6.68506
9.41801,9.45234
5.49557,5.39743
3.60189,9.06929
7.95092,1.34124
4.37357,8.95165
3.88291,9.66379
2.76854,8.8787
4.00246,8.36871
9.29763,0.363783
4.26338,2.50291
6.59068,5.5224
0.902257,6.38198
3.80212,3.23471
6.12787,9.2651
8.5748,8.63595
3.88972,0.559245
9.39583,9.07514
7.60683,3.6368
6.77312,7.34527
1.03187,8.37799
4.65305,4.40798
4.40114,6.57994
4.55891,8.96405
5.89569,7.72417
6.25803,4.73504
7.59938,9.63779
1.12085,7.76712
0.0198599,2.49425
8.94461,3.52223
1.24732,4.64305
5.88003,0.626221
6.2759,7.37239
3.89976,7.9636
9.18741,9.53051
4.09478,5.54232
5.46083,9.47302
0.434315,1.82981
6.37721,7.0195
4.86896,3.03692
5.7895,5.10041
2.9228,6.01923
4.24449,2.81794
2.97062,9.03745
5.89587,6.72632
9.59059,0.240221
7.78369,1.82183
9.64761,4.16252
9.29387,0.563496
6.11827,3.31076
5.90967,0.447749
7.40849,4.53566
1.49725,4.84393
6.39036,2.921
0.916456,4.20381
9.14589,9.91871
4.50085,1.1183
8.84832,5.61272
9.88881,1.5873
4.20536,5.56737
6.50774,5.38518
2.01251,8.9393
5.6981,2.47172
5.65137,9.97852
1.38097,3.7659
0.945837,4.92782
0.143341,6.07323
4.60935,2.61627
1.94367,2.6701
9.67145,9.83251
0.624437,2.31793
9.43111,4.86604
1.40121,1.63146
3.24738,9.38914
7.27843,8.50442
4.28796,6.53175
0.174876,5.46314
3.03763,1.30246
1.55768,6.05496
0.341741,1.23518
5.82008,8.41559
4.82011,1.44489
5.34485,1.60332
0.902857,8.67192
3.86123,3.52333
2.51921,2.5491
7.67927,4.13449
9.71628,0.901785
5.73044,4.65354
8.72209,3.49027
2.14061,9.66862
9.06421,1.49168
0.0788206,8.83416
0.581434,7.47147
0.82065,9.74334
2.07839,2.43464
0.170128,4.95708
7.44272,2.48628
3.41282,4.56242
1.40403,3.73469
4.73106,6.69697
3.50935,3.27205
9.32865,0.786174
4.55141,9.80691
0.780542,9.80844
7.90626,7.38515
0.743838,5.38288
3.84819,1.27587
2.22891,0.591665
6.87367,1.77668
4.26691,1.94315
5.39375,7.62798
8.59571,2.52985
8.30686,4.56013
9.75646,8.72371
1.1795,6.56977
2.19096,3.73867
4.81752,8.13042
5.22031,8.19122
7.9069,8.11272
1.14598,4.02247
0.863716,2.35219
