3.30342,5.04129
3.65634,2.31922
5.78453,4.94709
9.15827,3.07872
8.08337,6.54839
3.37599,0.8741
5.55555,4.03366
0.61468,4.58857
7.41757,9.56087
3.9843,0.49036
6.39152,4.391
8.22255,8.21909
2.58715,4.01595
1.84756,6.41205
8.5179,6.17078
6.68861,5.19691
4.86157,6.16489
8.24826,7.61263
0.34909,6.2642
3.07222,8.94714
0.80778,9.54433
2.89393,2.79895
8.9893,1.60371
6.1892,7.63914
7.51633,6.79427
1.23063,4.04259
2.88763,3.39205
8.65666,3.74461
2.25658,4.1865
8.31827,4.20709
9.64019,9.33284
6.52229,5.65337
0.69434,8.9929
8.58399,8.24237
8.2363,3.24333
9.71383,4.50212
6.6249,1.21052
1.22511,5.5889
1.49145,3.0713
3.53578,5.52057
7.69638,8.43119
7.92613,9.35192
0.29687,0.53614
0.00688,5.56708
4.05754,5.10334
4.89828,5.71015
4.89338,3.14612
8.61102,2.59853
0.219,2.32153
4.00768,4.5167
3.35087,2.70257
0.33818,8.86781
1.52304,3.40779
9.1069,9.13648
4.0081,1.22317
4.42142,3.80292
4.36085,7.41198
2.70097,5.75488
7.31536,7.31982
0.24687,7.13379
2.4867,4.28947
1.81612,4.12505
2.11592,8.52865
2.74478,3.7601
6.41261,0.95438
3.90655,0.65674
9.88059,7.81811
2.89273,0.09643
2.31582,9.75585
7.63173,7.26172
8.84736,3.42461
7.2804,6.21577
9.94886,1.93035
6.97478,3.56801
3.30666,1.92594
4.34381,2.40373
6.43408,2.56835
1.29632,3.70919
6.75134,0.89639
4.79724,4.16531
9.22151,7.74665
3.59415,1.86877
7.99463,5.09563
7.13166,7.42301
7.3471,1.9829
3.53836,0.53402
6.84564,3.01268
8.61758,0.27497
4.2516,9.36718
9.49225,7.4412
2.86425,1.98765
9.24811,1.36314
1.09189,0.08045
1.87175,9.69593
7.62819,9.33062
9.79886,3.47041
9.50463,8.00933
5.425,9.78832
0.02239,2.52426
2.04887,0.48126
5.46634,4.45465
5.22602,6.31514
7.97554,6.97051
4.10989,7.8579
0.43151,9.14642
4.18828,0.52489
9.67828,5.74951
2.28538,8.67298
3.78236,9.45689
8.499,4.21733
4.84914,8.96918
0.79026,1.14457
7.0053,7.87406
3.221,5.9409
2.6327,9.99327
2.87312,7.47702
7.76751,8.7024
4.45534,1.39321
0.06702,4.65774
1.00116,6.26526
6.65641,6.50896
2.93049,4.99347
6.06438,0.63923
3.11154,4.66937
8.14782,7.98391
4.31879,3.70959
1.42723,9.49486
0.19579,4.0832
7.0066,3.06486
0.95869,8.75153
8.29257,9.11335
7.95235,6.4957
8.1381,8.19748
9.10466,5.62042
2.54707,3.63528
2.09335,4.00809
2.6813,6.58383
5.22563,0.69947
9.90537,9.18975
0.82994,3.26593
5.40993,2.95343
1.34511,4.16365
5.22974,6.88391
3.23509,8.69891
5.26014,5.28124
0.55931,8.30302
5.52339,3.85443
5.57035,6.82165
7.87997,6.33168
3.79022,7.26736
2.18961,4.5865
7.87272,6.13567
1.14179,5.19299
3.23276,0.24338
1.89933,6.36062
1.59443,0.71539
0.50635,2.33568
4.76019,7.62839
6.01031,2.2309
2.95618,9.47888
1.22491,2.92887
4.02272,0.02551
5.75333,2.28442
4.14032,1.16274
2.19377,6.70734
3.91887,1.33491
2.27397,9.51085
5.92546,9.42372
6.67805,6.3235
1.13452,4.70666
0.79226,6.43027
9.19751,6.54357
9.06695,0.62013
6.82448,7.75422
9.53406,6.20285
1.23264,5.14069
8.57797,1.86157
7.09801,0.90366
3.69185,2.4427
2.26787,3.08035
8.71714,5.95443
7.20883,0.7268
5.35855,7.11497
2.31888,9.23715
4.93882,8.56896
7.37829,1.67687
3.75932,9.82766
3.05761,7.94202
4.87,2.10469
6.76214,9.08862
9.71004,2.42945
2.30402,2.39595
1.12344,8.7488
2.80595,9.69251
6.47867,0.11496
5.79899,5.38369
9.59069,4.98566
5.69029,9.77599
4.01226,0.2457
8.91265,9.30152
0.65471,3.84309
0.89733,7.08208
3.93998,5.48975
5.97915,4.04485
6.48319,2.55151
6.6896,6.97671
8.26038,0.06051
9.55598,2.20363
6.67477,3.24508
7.33907,5.49335
7.99412,3.42522
5.51103,5.15286
5.4598,6.80078
0.14204,6.95145
5.14577,6.81128
7.8122,0.60555
0.90578,8.97768
9.79865,4.87174
4.01906,8.49672
8.02652,1.68937
8.06149,9.7719
4.21814,4.59427
8.77665,7.8623
0.27999,9.53
0.90071,8.93428
0.72119,4.94026
2.0119,3.35239
9.22094,4.73359
8.80976,3.51831
1.40836,1.49686
4.54544,8.16221
9.14184,2.93604
3.05286,6.59257
2.36942,8.21284
2.74016,4.52686
9.31623,0.58818
8.69638,8.34682
6.58256,9.09116
0.27562,9.20572
8.37675,6.06761
8.32398,8.33106
3.01158,7.90042
0.98055,7.706
8.22574,5.20192
9.54779,1.18083
9.91188,0.70201
3.7867,6.57331
4.72567,3.8275
6.92842,4.68819
3.4067,8.42344
1.6853,3.78633
9.19883,1.86741
1.41736,1.65188
5.54791,0.68033
0.25729,6.88799
4.00359,5.40439
7.6065,2.82718
6.92433,7.43979
0.3055,5.76479
2.32557,3.40898
8.47521,6.77294
2.93291,6.99569
5.53338,0.24218
3.43913,7.76114
6.8452,6.45427
6.00801,4.4054
3.1238,9.60437
7.85287,3.91886
8.53533,9.17919
7.70771,9.57525
0.40326,1.93731
6.49449,5.66641
4.41206,6.66498
0.8117,6.05103
9.49954,8.07712
2.14787,7.27403
0.64857,7.18544
0.55547,9.60464
2.19075,8.47666
6.31963,5.67294
3.54766,2.68296
8.96996,1.6439
0.21118,5.85653
1.90705,2.61929
6.31522,0.54824
6.74474,2.62943
7.50662,7.26357
2.81989,2.28679
2.24151,5.04865
0.8853,7.45074
2.48898,1.33267
9.54219,8.50097
7.458,3.81605
9.74682,7.46755
0.80784,5.12341
4.88861,1.8492
0.7825,6.04218
3.85846,8.98442
1.24984,9.24111
9.84306,3.80296
1.45859,4.5196
8.17389,4.88549
2.61814,6.84924
5.82228,7.89594
6.65768,3.11181
0.49749,4.37329
9.59811,7.87407
1.56639,4.54899
1.5184,2.45358
0.00287,4.50714
0.8755,1.38675
2.30832,5.44128
2.11942,4.31458
5.76645,7.03166
8.39186,1.22864
1.74646,7.69424
3.79458,4.28065
4.94063,1.65277
5.47786,5.66703
8.12609,1.5814
7.65392,5.94935
9.59773,4.09812
1.3282,7.40319
0.73723,3.30336
5.09155,1.23199
7.65623,1.77266
3.98484,1.86035
9.87049,5.40481
7.71697,2.75728
7.52398,4.95667
2.32679,5.3746
0.92271,6.43765
2.51071,7.8854
2.22984,1.93816
2.99604,7.47997
0.04328,2.42039
3.84921,3.10031
7.29777,1.08246
6.11003,1.42384
7.90807,0.44613
5.85943,2.2867
1.82967,5.33429
7.7731,2.00643
0.98801,3.46708
5.14734,0.06215
6.38453,4.6607
6.89437,1.81978
3.61084,1.36697
6.89458,3.0024
8.42733,9.38626
5.48781,8.92081
8.21043,6.97873
9.64648,6.92635
7.37829,5.75489
4.45341,7.23108
4.15676,2.08815
8.65225,2.21566
2.71068,8.37217
6.32058,9.45516
2.39483,5.61612
2.30892,3.68379
5.73908,9.21422
7.41296,9.72242
4.36173,3.68909
7.25432,9.84413
4.62963,5.0918
0.25198,6.80985
1.9569,1.60113
2.07266,5.8592
7.74513,0.56898
4.72648,6.08336
0.00963,5.81552
4.21258,6.43599
5.6395,4.52453
4.46564,0.48707
8.05929,7.17288
2.80255,3.78437
7.14996,0.29271
2.16788,5.29645
5.44206,6.42483
8.72864,9.26805
0.12915,3.4941
4.17864,3.98035
0.52219,0.16108
8.73983,8.39252
3.21496,4.08206
0.41613,8.66394
4.08495,1.97488
5.95376,7.33869
2.52148,6.26063
8.09778,0.49475
9.20441,7.46825
2.72791,4.10448
5.60328,7.1292
5.12361,1.62207
4.60722,6.51341
0.66696,8.78364
3.88354,0.33446
0.38163,7.71825
2.89131,3.89474
6.18827,6.03131
4.60675,9.41826
2.66619,7.4043
8.09271,4.56748
3.29386,6.00702
6.25941,0.30552
1.45198,2.05301
5.42568,2.4968
8.56318,8.7412
7.56256,1.42319
8.97948,8.65287
3.09949,0.95562
0.69302,6.06269
9.91003,0.53428
1.99361,8.26455
1.92001,7.34246
7.72351,0.79384
7.01118,3.59365
0.85303,4.64337
4.17864,6.9939
2.10837,6.03351
2.89836,1.42813
1.36391,3.12868
7.40053,7.63483
6.63479,2.11458
9.06111,6.75778
1.36546,5.92754
7.78251,1.09468
1.06242,9.35655
8.36156,2.80478
1.90797,9.26556
0.57916,6.52602
0.76761,8.1369
9.25835,4.27489
6.52232,8.95783
3.82934,0.61782
6.43994,4.41568
3.63417,7.4443
5.02551,2.17601
0.97075,4.56018
6.92197,8.44283
2.68349,4.45878
7.7933,4.72778
6.52431,2.94844
0.40296,5.53608
0.12884,2.37612
8.26693,9.97764
7.72991,5.97648
6.78274,2.28048
6.20564,6.39567
9.76165,7.54466
0.58507,5.13642
8.3736,9.01194
1.23359,9.28578
9.14805,4.23318
1.86191,2.4722
8.06697,3.36256
8.50251,2.87932
7.58826,9.43197
7.74068,1.49717
2.33133,8.3429
2.84074,5.38624
6.59274,6.63638
0.40308,1.39303
2.49697,9.56676
2.23067,2.52664
8.88708,7.62409
3.35893,4.15377
2.03045,1.58681
8.81769,6.61573
3.81719,4.49842
0.24157,1.96419
6.5816,9.26174
6.04638,4.44951
7.4446,9.79135
6.22208,3.3697
2.84164,4.88082
7.41827,7.6156
2.2265,4.15037
1.36843,2.58039
7.58078,0.88775
2.79694,9.58687
1.34773,6.4007
5.7265,3.1824
6.52843,4.96948
7.00334,7.54855
4.42384,2.06913
4.11777,2.13831
4.11262,0.21464
9.32505,6.02178
7.45746,1.90725
1.00659,1.2769
2.7823,8.29501
9.17511,7.13511
3.30152,7.70491
0.32315,3.12143
8.66072,8.13797
9.41428,0.8337
8.72025,9.35924
7.11382,7.5637
9.12918,1.89727
9.30259,6.55357
9.02622,5.47543
3.43683,0.97889
4.86341,0.19504
4.05898,5.35094
7.5888,6.36293
6.67809,9.06043
1.49616,6.70974
7.82696,8.69399
4.64169,8.10726
2.75515,9.03679
4.48947,7.43762
9.32121,0.41477
2.50307,3.08512
7.17947,7.64577
6.78825,6.67431
4.47609,8.44348
3.54734,4.26645
1.87618,5.68766
0.69057,3.19493
6.35501,6.16629
4.87443,8.15203
7.25376,5.38599
1.11712,6.80939
0.93784,2.79653
6.07519,4.73903
1.22273,2.15394
9.46462,7.19925
0.79051,1.5008
4.98667,8.43824
9.90962,3.37731
1.58509,8.88578
9.43137,9.92072
0.541,0.78657
3.2216,4.53783
5.14736,3.92597
2.77083,0.51853
1.25237,0.87403
6.22746,0.30949
1.75028,4.63111
3.00663,3.37355
1.36492,5.43682
2.64291,1.44514
2.69378,0.95734
5.81853,2.93788
0.01713,8.69125
2.56155,5.53785
7.76828,1.49174
2.58179,6.02685
8.95955,1.74383
5.13287,0.12715
5.15923,3.08389
8.5651,7.87661
9.72826,3.11665
0.51529,9.18689
4.06212,6.91796
2.78836,8.712
0.027,9.481
8.42608,9.42665
7.216,3.21784
4.75039,5.33603
5.71978,6.71059
9.13864,1.97977
3.92406,2.9378
7.19779,2.73804
8.63564,6.80792
8.87699,0.47149
2.41521,6.52074
8.53808,5.60695
2.97,2.52671
2.13042,2.77055
4.45039,0.53488
5.28878,4.65773
0.38196,9.29596
7.03474,5.17117
2.59506,0.66061
6.65109,1.83257
8.66866,6.14611
7.21361,2.76463
8.40582,7.36572
5.72214,5.82988
3.92903,1.17159
0.95512,1.66415
8.49256,0.06451
6.04941,4.43703
6.50119,2.53113
5.00773,9.88043
1.61575,1.80758
1.3215,9.26508
4.48961,6.70699
6.78942,9.42063
8.55785,9.55521
6.29768,9.13192
4.98065,5.47671
5.70991,8.79659
9.0779,0.47181
9.17065,2.02653
0.88303,1.28928
8.81418,7.83779
5.61702,8.20148
3.83836,9.21665
8.45111,9.54568
8.56997,5.96632
4.76888,7.99154
1.28441,4.51122
8.54135,7.74594
5.38091,3.05069
5.29167,6.92467
5.21181,4.29086
0.59081,2.78618
9.89742,7.29623
2.2808,5.58712
5.47453,5.30878
0.80218,8.6524
8.67055,0.23589
8.30947,9.27405
9.9342,8.45466
2.03555,2.60605
0.61608,5.82871
3.27942,4.54309
4.50283,2.13944
7.10983,6.89721
2.76588,4.9459
3.46952,0.18575
7.57555,9.71451
2.34955,5.48528
2.01842,7.63888
1.40993,5.6153
4.95549,1.98139
1.00834,4.27934
5.2313,8.58079
7.09172,2.24746
2.44973,3.63843
5.11132,3.58633
3.42483,4.39263
8.23533,8.73518
9.17884,2.7098
5.99159,0.85131
6.12931,9.30787
1.46095,1.39577
2.20826,2.29021
7.43839,4.70789
9.6088,5.95337
9.57954,1.32425
7.37657,3.18022
6.31416,9.50649
1.8987,1.55179
9.39562,5.14669
1.72651,6.10747
0.2959,8.57233
1.32753,0.19758
6.50698,2.34789
7.57904,2.44862
8.95349,6.63081
2.28601,2.66972
3.3788,8.68317
3.69127,3.2777
6.73827,0.99291
7.79184,8.39413
0.10753,7.82271
8.67657,4.14763
2.34211,5.99637
9.08645,6.5671
5.92854,3.94377
4.16268,6.57615
1.97645,5.11724
7.23438,9.90462
7.06582,7.82224
8.90031,6.82005
7.31297,3.04344
8.73089,4.63883
5.89809,0.44189
4.81733,1.52684
6.31251,5.94468
9.4737,1.21635
9.38534,7.85283
5.21033,1.0313
5.87227,3.42949
1.20011,2.66922
8.3532,8.92609
7.54977,5.06133
3.09479,2.95697
4.14287,2.80316
8.06276,1.34016
8.91572,6.14484
8.10415,8.10853
2.53605,3.50662
3.4437,7.11525
8.84805,7.48139
6.43154,3.5015
0.98574,7.49706
6.92337,1.53624
8.30117,7.86582
1.81567,5.18963
9.17665,7.50758
6.26061,7.92263
3.79199,1.78806
7.80514,3.22087
1.04282,8.94617
1.67,0.9817
5.82318,5.01632
7.24683,3.92102
0.56623,6.24359
0.22317,7.07874
7.05012,5.88126
8.63714,9.37413
9.59982,3.52143
3.01899,2.66038
6.42555,3.8181
5.63717,9.75255
4.67696,6.27794
9.42878,8.68671
1.03871,3.85717
4.71099,7.20122
4.27873,4.51721
2.24808,2.18471
9.65017,8.39249
2.33521,9.58638
9.52663,5.05648
2.43942,7.32989
9.13185,7.76541
2.24375,5.42925
3.69097,8.31282
4.23013,3.90926
9.85906,5.46857
8.2029,8.67457
0.50781,3.19052
8.66305,6.43064
5.69947,4.14155
8.5341,3.02328
4.55902,0.28906
1.25482,5.13669
1.87995,7.84965
1.43681,7.42776
3.67076,2.62565
5.06898,1.80883
9.76611,2.03457
0.09955,1.26104
5.94519,4.15166
9.48403,4.34414
8.88793,2.01298
1.56993,7.02257
5.15681,5.55491
3.46397,3.86628
8.95544,8.37707
7.09962,7.49192
7.69914,7.71629
2.29328,2.13453
0.91963,9.55491
2.73208,8.80398
2.4606,9.26226
7.54599,2.97029
1.25129,5.15186
3.22817,2.58308
0.22761,2.49163
6.33663,3.59025
8.48015,2.22744
1.32288,3.71987
2.74645,8.65267
6.35762,0.31175
9.90543,0.96828
3.51429,9.97432
4.26546,3.99181
4.5649,3.21585
8.09634,2.95687
6.02728,4.68872
1.89181,6.55585
5.1191,1.38474
4.3314,9.58847
4.1844,2.68133
6.14849,7.73843
6.84675,1.17692
3.86392,9.35104
2.50065,9.30123
9.23265,3.0542
7.13382,5.83767
8.73348,3.62998
4.04281,5.36952
3.82619,7.2846
8.45383,6.01651
3.7205,7.77271
2.1574,8.95963
7.77782,2.19298
4.92535,2.37325
9.62183,2.6868
4.51867,4.16962
9.79173,6.71918
2.43989,8.35839
1.68469,9.08252
4.54786,8.00368
7.44312,9.47026
5.73836,2.59454
5.61827,3.21921
0.48439,3.29266
6.09599,0.88149
8.96966,5.96479
3.96616,0.42938
1.38584,0.16707
3.15179,1.44916
5.74802,0.37198
6.60708,2.97793
4.58365,1.96321
7.95849,0.7677
0.76576,7.74343
1.54437,9.37069
7.56668,0.006
7.91291,5.11364
5.2241,5.93484
0.08552,0.17124
3.10202,5.79716
5.47506,8.29386
7.74006,1.75411
3.86974,2.42082
0.75516,5.44571
0.73244,4.14959
3.63701,0.913
2.49882,8.66277
0.47273,4.91664
1.10902,2.52921
0.5626,5.8059
4.36099,7.86434
6.08937,5.01422
9.33583,3.52231
6.75756,3.98616
1.87094,8.53335
7.94621,2.99908
3.45837,4.05035
8.36775,5.71466
3.44973,5.4739
3.98416,1.50666
6.17324,7.23352
0.42807,4.13217
6.44874,1.38602
8.33919,9.45384
4.43063,9.45539
7.51401,6.74767
8.47137,9.91942
5.24168,2.74837
4.06302,1.78995
3.88452,6.41381
9.19008,5.29373
0.28299,2.4669
4.21591,4.38765
0.86488,0.34017
2.4768,9.08911
9.34195,4.93651
1.68503,5.18659
5.52042,8.89838
0.59313,8.1721
2.68887,7.94001
3.28036,2.79134
1.63275,4.18851
4.47123,3.31046
3.1696,1.60991
3.56621,7.72567
0.9613,1.23456
4.5423,8.85549
2.00599,6.20468
3.70651,7.23408
0.96988,9.02802
5.56133,1.7679
0.15999,4.16322
8.83259,2.31069
6.75166,0.09797
5.32157,2.48726
5.19825,0.49315
8.06805,8.17782
9.65674,1.8367
6.29779,2.8521
4.97527,4.16822
7.84426,4.88204
7.77384,5.7497
6.56212,1.56666
6.5009,7.64086
9.51397,2.75291
6.92943,3.81758
7.84352,9.85009
2.51465,8.19092
4.94953,4.0153
6.68905,3.19339
6.55237,0.75897
9.73151,3.08417
5.18038,3.75823
1.38677,8.51202
0.78205,6.642
6.18023,7.79073
5.0819,3.73408
9.67897,2.90667
6.45214,0.78643
2.35511,0.77073
2.95046,9.75167
1.56815,5.41731
6.69301,5.23175
8.12131,2.74017
1.10839,4.18951
5.12027,1.11451
3.39876,0.411
9.32626,0.60558
5.23396,4.37896
4.698,9.04928
2.077,3.24598
5.58574,8.47118
1.35362,1.72618
5.21666,4.98434
8.14517,5.91608
7.47951,8.46054
8.42679,8.64053
0.65484,3.0364
2.05699,4.48196
2.92576,5.48047
8.78615,6.22272
6.3086,0.32383
5.22996,5.53142
3.82033,5.99754
0.6902,4.75837
3.34219,2.71344
8.2411,7.18508
3.18693,1.65831
8.30065,3.78266
7.2822,7.59435
7.70481,6.57861
8.04649,0.25536
4.59935,3.16584
9.97986,2.49157
5.73587,1.36859
5.15596,1.9223
8.72463,9.19141
3.03175,3.17339
1.30936,5.64899
8.58407,2.09601
5.5422,2.26938
9.50945,7.83636
7.53507,7.54612
7.40867,8.12237
2.14221,4.26411
3.9985,2.06183
4.74483,7.72358
3.83456,6.67295
7.02179,9.86657
6.1439,6.18465
1.5195,9.93218
5.04819,4.64872
2.32424,9.82403
7.06132,2.09987
7.66094,1.70274
0.00951,0.20938
0.52537,8.7425
0.75329,0.83479
6.13686,7.38883
1.18522,8.73507
6.58518,8.66749
6.64857,2.7349
8.22634,1.52402
5.60893,5.74368
9.07695,5.11436
9.26027,6.85353
7.40747,8.76463
7.62082,6.30379
3.25291,0.90561
3.00669,6.31375
7.11059,2.27385
6.58098,8.32147
9.79677,3.14511
1.58037,5.86819
3.49001,3.54388
0.2679,4.82751
7.20231,0.52095
0.7429,9.23001
4.07146,1.62701
6.17019,7.59002
7.04901,8.09246
7.1456,4.26338
2.71317,3.32781
6.19631,5.02821
7.19991,3.30556
3.78214,5.01528
6.702,1.56845
2.32847,5.51826
7.52171,6.50399
8.05518,1.47548
4.69527,4.73623
6.77826,4.08297
0.69024,5.10462
2.42641,2.10753
7.21409,9.00365
9.94824,5.43755
1.98829,5.22812
0.99157,5.43235
7.443,9.58115
1.7294,9.069
0.99146,0.71822
4.71712,2.02291
8.69482,1.65378
8.10427,8.96514
0.31544,3.95321
4.13293,7.1849
7.16715,0.93464
4.54031,5.84972
7.16169,6.37918
3.14595,6.04802
8.66284,9.77648
7.91198,0.57493
5.30139,5.50646
1.41742,3.20695
2.96607,1.67887
5.57193,4.65201
6.17088,4.52695
0.91328,4.94154
1.44148,3.35246
3.92942,4.22617
4.5085,5.47184
2.99486,9.10843
6.13433,3.75689
3.98734,9.71627
3.69709,9.62548
6.2017,2.25612
4.00455,4.4692
2.39315,1.83717
2.7678,7.34324
1.30593,2.55103
1.23191,8.45162
4.00183,9.48696
0.90412,5.33628
1.53248,0.18285
3.07008,2.82834
2.94371,5.96773
3.71261,1.33648
6.98373,6.05041
8.73484,5.06659
7.97301,6.12741
4.23033,6.54531
8.66398,6.68244
9.7523,4.57127
8.29801,8.3231
1.25809,0.01373
6.37512,3.47412
9.20741,2.45509
4.81083,3.90091
5.59895,6.94588
9.27668,3.34158
9.48777,1.93601
7.3705,4.78532
9.57838,7.72193
9.39609,3.67496
4.32555,4.61618
5.72128,0.65659
3.74366,4.06442
8.04196,7.87423
4.5953,7.4321
4.77751,0.5173
8.18087,4.27373
0.67853,0.85769
0.43685,9.87745
2.89211,6.6688
1.65048,6.4779
9.48649,4.27501
4.38194,1.19354
9.26892,2.39934
6.30091,3.3077
9.45529,8.16639
8.97644,7.5791
1.88018,2.08939
4.38662,5.06979
5.3345,6.78278
6.98981,8.57338
0.1533,5.88733
8.50737,5.65397
5.48124,2.56948
7.13651,7.67025
8.28277,1.07625
0.16884,8.57305
3.93283,0.82319
5.71964,3.58386
7.61496,8.88515
5.5527,9.84943
6.86445,5.78417
4.78996,8.64608
7.07656,5.24669
3.78379,1.56083
8.09218,2.8591
5.74636,2.35978
2.25718,6.62973
7.52244,5.53815
9.0398,3.13983
1.60497,9.70147
1.06853,2.04762
4.18156,5.33947
0.64441,3.06065
2.69997,8.47591
7.92286,3.53596
4.27145,2.29477
9.25997,6.39396
1.24904,8.61386
4.94774,8.258
7.71273,5.33489
3.34152,5.92221
7.93726,1.81855
4.2284,8.57247
4.48251,5.37091
6.98246,0.18869
2.99696,9.90624
1.12574,2.21166
8.93842,3.06326
2.48596,1.87053
0.23455,2.07026
9.2606,1.4275
8.40923,8.37388
1.16672,5.49543
8.92431,3.99042
0.00999,9.16017
3.99393,6.05594
7.69285,0.80307
2.79803,9.74181
6.76908,3.5558
2.13185,0.70656
2.82685,5.26043
1.66675,1.67917
0.46903,2.13791
1.94951,7.08959
8.11693,8.9802
9.6797,0.45282
0.62884,8.7481
2.73854,8.95819
6.05138,3.71191
1.71933,1.0804
4.51003,2.94549
9.97622,7.65459
1.25106,6.15153
7.55377,0.24751
5.8697,3.26762
9.80777,3.25497
4.74638,6.71282
9.42037,4.84639
9.22293,2.19176
9.7896,7.18313
0.44769,9.84112
9.14404,5.25669
1.34379,2.09093
4.30569,8.32156
0.09259,2.79678
1.38105,9.58003
4.39485,6.40151
8.36962,3.74311
5.42075,1.8158
1.09538,6.4099
0.38575,9.38161
2.86299,9.46987
9.20181,2.5807
7.84015,1.12931
0.59429,4.34255
0.23323,8.90787
4.62575,9.09693
3.48357,9.32
9.7044,8.01442
6.62161,8.28507
4.34609,5.99584
9.51986,4.94775
5.41693,0.44543
2.48333,4.69288
2.67933,9.5466
0.54785,0.40403
5.6462,4.99953
0.55272,6.30528
7.76329,1.64672
2.79084,6.40956
1.70171,3.37771
8.25347,5.34773
1.66279,2.80908
5.32964,0.49177
2.43963,0.42306
2.73974,4.82559
4.70053,3.61732
8.27521,7.2656
8.4395,2.28688
5.84957,2.66522
8.26096,7.14416
8.06182,0.53575
4.80205,6.20263
6.34904,9.31299
1.59132,9.51198
1.42972,5.44021
1.25914,2.02537
9.96002,2.46853
9.14299,7.89866
8.19234,1.81728
2.16561,9.06218
4.59052,7.14594
5.59499,3.3243
7.23584,4.54814
6.69463,4.07835
4.00644,4.95622
4.95687,4.3633
9.03771,8.32232
1.46144,8.17761
1.3631,5.11735
9.40924,3.30417
9.42102,5.43251
1.37275,5.60464
2.91338,8.34874
5.79254,9.15821
1.70706,4.97337
8.36936,9.76188
7.27636,3.91984
8.38204,5.17931
0.2075,8.44908
0.27865,3.13615
3.82007,7.03037
5.95118,1.28769
7.36143,0.15523
7.78704,6.16091
6.85865,6.09573
9.1016,0.06289
5.27552,8.35172
0.47507,8.21578
3.43529,2.9863
5.00808,9.09207
6.30626,0.55476
5.22227,6.60502
5.26359,8.70871
2.37299,1.89337
2.24031,3.50055
8.22257,7.54435
1.88023,6.03048
5.52948,1.12417
0.05138,0.78881
4.71451,6.64468
9.43862,3.71329
3.07284,6.03589
8.62188,4.84737
1.64641,2.23148
2.46228,2.24091
1.29306,7.30403
7.93762,4.61763
1.04744,0.24279
5.53582,4.2172
6.08561,8.07198
1.48996,8.85511
6.04883,3.98849
8.32154,2.5234
7.22339,6.29471
6.59872,0.97112
3.74646,4.0055
1.665,3.14381
5.96044,5.4868
0.33375,0.11352
9.37627,5.11194
4.73271,4.07461
0.43017,6.50345
3.96236,0.83331
9.89508,5.75614
1.32374,6.39704
9.85327,2.36333
0.75019,0.72036
5.79821,9.38606
7.56845,4.77197
6.10883,4.07144
6.16938,2.26308
4.53222,9.96285
2.9105,4.26475
8.50069,7.01543
5.22803,8.53819
0.84408,3.83738
2.67861,5.9819
0.58613,5.71124
9.068,8.93155
7.17627,9.71584
6.50101,4.40971
5.21196,4.50795
6.47482,0.15132
9.60718,9.55057
9.61799,4.49695
2.30267,1.41931
5.0505,7.35201
8.13633,0.26122
1.62365,5.85929
0.17598,4.18542
4.08977,0.86329
5.76316,9.79484
1.66085,9.77339
1.81578,8.70676
6.07848,7.79475
9.77406,8.49297
5.96078,4.31882
6.2739,9.12397
4.57923,8.26735
9.41017,3.27378
9.21719,4.21671
1.86685,7.31399
7.78524,1.52097
0.16141,8.42257
1.78844,8.34726
0.03999,4.02745
6.78483,2.07468
3.73215,8.81668
6.63164,4.04439
5.63022,4.97279
7.45267,0.82186
3.97998,5.78736
7.18711,5.81821
8.61381,4.68733
0.17841,7.48561
2.34724,2.39643
8.73034,5.06567
8.19979,9.14147
3.98664,9.3885
9.26949,2.95417
6.34247,9.82483
1.36723,1.17715
1.75548,1.71925
1.1049,7.12691
5.48027,3.88831
8.8051,0.37429
5.40936,5.94126
8.71901,0.40863
0.88618,7.24784
0.30084,1.26311
9.50341,0.0823
5.9284,9.34418
0.39328,2.05787
2.59204,1.6702
3.28387,6.67123
7.74554,4.7724
4.95625,6.6379
5.57638,2.09645
0.89444,3.49418
8.38454,8.47414
9.02255,5.31094
0.58859,7.67685
5.83315,6.00442
0.12775,1.95195
6.13489,4.13357
4.08105,4.44646
9.72921,7.69792
2.66149,3.47451
8.87851,0.16641
3.86796,7.0668
0.55344,0.32394
7.97518,1.82774
9.44894,9.56927
8.12713,1.0443
1.17863,3.40792
8.69308,5.43476
3.60095,2.36533
0.20622,8.80921
5.52971,5.89606
4.85227,7.81202
2.13175,5.46998
3.61977,6.66671
7.926,2.56948
5.54667,6.20062
4.11421,4.21906
9.0379,2.27122
1.74742,7.35191
9.79244,5.51706
6.87538,2.56929
6.34781,8.75766
6.261,1.78066
0.61282,9.14081
7.58769,7.89435
0.4445,5.50279
1.05273,5.35896
7.94519,3.38984
1.301,9.6917
3.76311,4.16262
9.54945,1.77603
3.5446,0.41409
7.57849,6.40076
7.18725,5.28734
2.5864,4.13557
6.02718,3.43273
3.30911,1.50692
0.54859,5.83613
6.94094,6.21702
8.0841,7.17334
3.44568,2.04081
6.02016,0.08943
5.7748,8.4816
0.69619,6.92703
0.92988,7.37355
6.05799,9.90278
1.89641,7.26473
8.07598,1.33528
1.24698,5.54061
8.7406,7.14168
2.08831,1.47019
8.75185,6.11659
4.35579,3.1637
3.68464,4.29219
9.76208,1.68989
8.66928,6.01698
4.89108,1.72317
2.05724,3.10124
3.99265,8.95909
4.30555,8.22485
6.47958,8.50701
3.98768,6.55191
4.1979,5.32863
9.44687,3.17034
2.81988,6.96045
3.10861,8.74828
2.91812,8.74083
9.89645,8.20775
2.62009,5.26358
8.98081,2.8584
6.39556,0.11012
0.58277,6.69911
9.5338,7.70821
8.2207,6.20822
9.24506,0.01824
8.42055,5.80214
3.9563,1.82692
1.85991,8.1968
2.28293,6.29854
7.99801,2.08603
8.51307,2.3698
4.79594,6.05861
6.87985,8.38256
1.25079,1.18454
0.89681,2.21279
6.60209,3.27162
7.35295,2.37286
4.64921,4.90246
8.39741,1.92711
7.39873,9.03087
6.00715,8.1972
3.76574,2.27187
8.11953,1.34976
5.10971,4.07335
7.08627,9.85901
8.35685,3.58585
4.18826,9.83239
0.09052,7.66487
7.24898,4.23919
7.63142,6.39103
8.92636,4.23096
4.00203,7.2831
9.03665,3.98098
5.18704,7.96428
3.29272,1.96628
0.99933,1.50777
4.26349,1.24962
9.01921,6.13234
6.60902,6.83188
3.73422,1.00054
1.96643,8.52198
4.32442,3.84131
1.12272,6.12596
4.08283,5.52786
6.98315,9.13301
9.25025,0.32581
1.0064,8.98835
8.78889,9.0229
0.46752,2.49596
5.9682,6.28865
3.16279,2.39889
4.4697,7.59045
6.74621,3.57673
5.30206,8.96396
4.56187,9.93778
0.06736,2.34378
0.41019,7.88693
0.84657,3.62324
2.84674,0.51458
6.60725,7.22424
1.88518,4.62071
2.78166,0.32809
5.51162,5.54563
0.32199,8.18358
0.20346,4.87155
1.00747,9.27772
5.58726,3.9407
6.06886,4.17184
8.82936,7.68021
5.55343,5.27513
0.55719,5.66835
2.71809,0.04088
0.19928,7.33884
0.25542,6.74049
1.21915,6.73364
3.82834,9.88631
4.70765,2.26545
5.51783,2.32929
6.89283,7.97653
0.15852,4.59741
7.827,8.53681
1.08914,4.94851
6.59717,0.72466
6.64189,1.69333
0.83292,6.08128
5.64123,3.03143
9.09625,1.42688
2.3228,1.16859
9.62657,4.02129
2.39193,4.19571
1.75506,2.212
7.63221,2.87315
8.81803,2.74537
6.09766,4.58529
2.71373,5.84028
6.94526,9.45917
2.10584,6.58279
2.13027,7.41038
0.7632,4.28515
0.44246,7.74352
9.54617,2.48161
0.87836,0.78764
1.42874,4.87394
2.16957,4.35147
9.3177,7.21539
2.6056,2.41577
4.36272,9.42286
0.55834,8.37201
1.32081,1.964
9.43767,3.06175
4.06679,1.11576
1.62708,7.29727
4.44824,3.53963
1.88287,2.37641
5.80697,7.37032
4.67214,2.16923
5.72564,9.88032
1.5693,1.99298
1.70051,8.82414
9.18429,5.81785
0.40226,0.74353
5.47115,9.71061
2.43171,8.99043
0.42025,5.92015
7.37536,3.93891
9.01715,6.38956
8.1861,6.72881
4.03117,1.68233
5.24258,1.65158
1.65421,3.86161
6.88598,1.85312
9.06425,2.89608
5.60275,8.8774
3.6111,9.68418
4.2748,9.49243
8.90913,3.15656
4.92762,0.48401
6.78144,0.9819
6.2572,5.722
4.9732,9.39116
7.2727,3.97713
4.92723,2.28999
2.3235,1.58265
5.98861,1.50155
4.22492,4.25481
5.73024,2.77602
3.67036,2.87353
7.09214,1.92653
7.47074,9.70683
4.57238,1.58002
6.23305,6.40779
3.14961,0.69078
9.25469,2.41265
6.94947,5.96982
3.6652,5.41477
0.99444,5.3421
5.80319,5.53006
3.01801,0.83398
2.75044,7.75988
6.37184,2.12682
7.37407,1.09946
0.62336,6.94377
1.12079,1.75784
9.77012,7.76291
0.83501,3.08239
1.299,5.13732
0.27621,9.51543
5.54512,7.60742
9.57496,0.53441
0.45308,5.10147
6.01164,9.28504
9.1967,3.54304
1.06394,8.18097
4.65177,1.18227
2.1975,9.2645
1.92458,6.75501
3.3856,0.48487
6.30479,1.05929
7.11728,3.87779
7.04804,9.86917
6.41965,8.09468
7.24187,7.1574
0.61756,5.77427
1.51833,4.07013
2.53712,0.26666
4.22869,1.31992
2.78775,4.26903
0.38108,6.40637
7.54791,8.47775
9.58557,0.9207
7.60718,2.67158
8.88369,4.71981
6.79548,0.76633
4.6177,4.11787
1.11119,7.3821
8.32151,3.33748
3.13849,4.46634
2.87952,2.27306
1.59704,8.63572
1.41476,7.29107
6.99688,1.67765
1.13044,1.6002
0.09929,8.0171
1.50558,4.70688
0.3283,2.27148
8.03892,5.51721
7.79377,8.65708
0.02881,2.9457
5.2811,2.07823
9.74636,4.24802
7.00504,0.40892
6.27809,1.12511
2.1572,5.99292
8.46725,0.62953
9.434,2.75126
0.20548,5.67081
2.42971,7.45982
5.45235,6.31706
3.30355,1.16048
3.93231,6.67486
5.5481,5.98293
9.34104,6.63315
9.58799,6.33611
9.30042,6.62789
5.36111,6.80222
7.50547,2.73403
5.47434,5.46115
8.61467,1.92531
0.21197,2.66412
6.65104,0.53604
0.41928,9.27321
3.86477,4.45695
2.69105,7.99283
8.4406,0.25502
1.24393,0.05323
3.87401,6.93666
0.2408,5.42611
3.23204,3.1771
0.21674,0.03083
8.51525,5.72409
7.04955,0.4542
7.89383,0.14285
6.8567,2.06975
0.95517,3.48001
2.47468,2.68818
4.65891,6.69885
0.92064,2.86463
7.42504,6.40612
3.97674,3.33373
0.89434,1.24584
4.82407,3.10049
6.6064,7.08021
5.58245,5.31102
9.0398,5.62686
6.25864,6.75888
1.96187,0.68557
3.29469,6.79356
8.19163,2.134
0.13201,9.745
5.81702,0.89763
7.62738,7.79762
0.8815,5.18178
7.13092,8.12907
4.2545,8.61347
4.92253,0.36977
6.68585,3.6443
0.31178,2.94311
1.12671,1.23372
9.73104,0.03148
4.7123,5.09049
3.41226,4.0816
1.32458,3.5791
2.36001,8.16371
8.90596,3.27989
0.23574,9.83124
3.44501,8.27783
9.76535,6.73764
8.9592,5.64051
4.93943,3.36029
7.46027,4.21382
7.12748,7.92463
7.55814,2.67044
1.16206,1.78572
3.26054,8.81141
5.23619,6.73471
2.11388,3.1615
5.0824,8.11219
8.45091,5.62492
2.3825,1.19546
0.40504,3.33536
8.50107,2.90862
9.74612,1.43685
1.53094,9.73382
4.08243,2.33874
0.70322,4.78735
5.87074,7.84156
8.95563,8.29352
3.68581,4.97468
6.89199,0.7233
4.92592,9.92534
5.97503,8.86783
9.28186,2.30288
3.34774,0.6345
2.33648,5.58941
5.4618,5.20374
5.71852,9.40065
6.69855,4.05635
7.08821,4.8761
7.69698,6.56254
2.9558,5.6426
2.41819,8.34304
1.17583,2.28888
3.35054,8.5511
0.06558,6.9647
7.78471,2.1342
3.27642,5.31278
7.32813,3.89172
3.57807,7.06228
7.28307,5.85179
5.93455,9.25827
9.92395,7.42818
6.87352,4.28728
8.74926,9.75069
2.97718,1.65436
9.53696,2.23906
9.54014,5.21466
2.93253,5.97056
0.14912,0.45912
0.12498,4.90446
2.57243,6.68757
2.34598,1.82291
2.41156,9.15624
9.36922,7.23666
8.2085,3.46847
7.51682,2.57678
6.05814,5.99923
9.94621,0.00066
8.75848,4.03213
9.86685,8.3114
5.26127,6.34434
9.13885,0.10252
0.465,5.5677
0.9292,4.89255
5.80856,4.41264
9.1549,5.07675
2.49583,0.40354
2.32985,2.1015
4.60732,7.47148
8.53597,3.21688
5.25755,5.5394
0.20193,8.39301
3.15898,5.48929
7.90421,9.03691
0.7607,8.20092
9.98212,6.12821
6.08716,8.05442
5.7294,8.66763
1.62533,0.74783
9.63099,7.9932
3.81659,5.97215
8.82242,0.11953
3.11403,0.18292
6.28457,7.99379
3.40813,0.08622
3.93185,9.3897
5.78939,2.08584
0.90941,4.95902
9.31755,3.04243
5.49537,6.92222
5.71385,4.65326
1.15931,5.42811
1.06532,1.68953
9.31244,6.39166
0.40183,8.9357
5.89833,1.42552
6.40354,6.52912
1.94429,4.38349
5.67503,2.78807
5.28622,5.86789
9.34953,4.05355
0.55552,2.4146
6.57633,5.88474
5.06465,3.6185
4.29383,4.65576
2.93546,2.1958
9.03876,6.75461
3.58299,2.29805
4.61432,7.21414
7.69636,7.80027
1.1724,5.68838
2.08611,3.56515
2.85874,3.23827
7.19614,0.88876
4.37214,4.82362
2.45078,4.91466
7.87485,8.23852
0.58548,1.39505
5.95793,1.76317
6.19625,5.86954
2.78992,3.91626
9.47509,2.0447
3.66268,9.64809
5.85908,2.69618
9.18258,5.53558
8.09053,7.56673
6.47242,0.24296
2.01993,6.04803
2.42413,2.55755
5.06967,0.6681
4.02294,5.45233
4.73512,4.60623
4.85645,4.74679
5.30138,5.43775
7.55124,0.77031
5.11971,9.39432
9.11783,7.65765
3.67981,4.96041
0.30527,5.27334
8.72838,8.51541
1.94829,6.02165
5.83089,6.9017
5.33973,1.99663
9.67144,8.31057
8.24304,8.6844
1.17189,4.13652
4.51485,2.72693
0.26033,5.9399
5.1455,1.86289
1.41957,7.70383
1.38355,9.00749
0.02792,1.29168
9.11504,3.67084
6.77546,9.50429
1.50895,9.46499
8.29825,0.75423
5.66851,8.93367
0.40764,4.95312
7.50804,7.27367
7.67382,4.87111
5.77786,8.3021
5.77615,8.35022
9.8662,2.87443
5.51626,9.71986
2.27962,3.88619
0.04617,8.56318
1.90543,9.11799
6.99399,7.70943
8.74561,5.37787
0.80903,8.98704
7.26883,1.25278
6.44545,8.15175
3.93613,5.83274
9.8699,6.43594
7.05557,3.32999
2.79442,7.20382
3.67046,7.76726
4.07235,1.58694
8.48658,7.01822
1.73998,9.91682
5.17502,1.8193
9.99567,7.02295
8.30661,1.84167
3.80988,0.9311
6.1827,5.21355
1.26173,8.45959
1.03096,7.65698
0.41194,0.2923
4.17504,1.22762
0.66766,0.9602
5.20741,6.99332
3.81207,7.01967
5.73712,8.97709
2.55834,1.42398
5.86651,9.83541
9.0781,2.50774
1.2797,9.2087
3.13317,2.84425
8.79278,6.5672
2.17181,6.98216
7.82075,9.98156
3.25903,7.1179
1.76478,4.71691
8.15139,3.30921
8.53155,2.59553
6.16682,2.03729
4.64232,3.5536
6.24145,7.22926
8.97737,1.28853
2.97565,5.88733
5.24508,5.32312
6.65807,8.48333
1.67284,8.57803
8.6693,7.84356
0.9732,7.98216
2.83097,0.49509
9.98052,3.8446
8.61462,9.44407
4.55616,7.47086
6.67578,1.8052
7.9378,7.13909
1.05909,7.05831
3.57548,9.83643
4.78786,6.47565
2.51596,7.9937
4.79218,6.20385
6.1139,3.42981
4.82003,4.2189
4.45002,0.36875
5.00453,8.98003
1.96543,7.86863
8.09749,2.39678
7.59516,2.80657
4.10688,5.58903
9.56463,0.48202
9.52007,8.27351
5.35547,1.62613
0.77548,1.69288
4.8814,0.66085
2.49125,6.862
8.21199,5.11492
9.04733,4.70092
9.94433,6.47324
0.40619,0.45379
8.65064,9.4133
8.35053,8.27701
2.11852,9.82722
8.44623,0.49646
9.39268,2.09494
8.48619,8.60054
2.71437,6.34782
6.12098,1.63064
5.4635,2.53513
3.40436,6.0224
3.80574,8.9872
9.56924,3.0914
4.84646,7.53684
1.27793,3.0158
0.69513,4.36606
5.98848,3.70612
4.53019,3.20855
1.81277,3.75102
2.28468,3.93493
5.55576,9.49044
3.12362,7.08283
8.00379,4.17358
3.87393,4.38133
6.06803,0.65794
1.04504,5.50772
9.95025,5.02929
0.99203,9.54375
8.57486,0.52348
1.43204,2.45868
9.5723,0.96176
0.5991,6.33965
2.94095,5.28027
8.56292,3.79744
4.67479,2.53704
1.29505,6.55893
2.55571,8.40262
1.5501,6.27867
7.72327,2.9221
0.40623,0.31581
6.33632,1.26443
1.5479,9.7115
8.12318,1.43335
6.15935,9.0097
7.10214,3.51065
8.12073,5.47212
2.13437,6.47102
4.7009,6.71888
8.22329,0.25663
5.6695,7.40244
6.50059,1.51149
8.11307,9.70175
0.35462,4.49044
0.96266,7.53347
9.78584,4.73457
8.17752,7.65722
6.17569,9.22948
1.33452,4.81341
4.48998,0.96635
2.34449,6.04218
7.00667,2.11389
2.04285,5.54487
1.17718,9.45409
0.80561,9.62746
6.17144,3.49007
2.00544,7.27031
8.58808,2.52265
7.80895,1.84869
8.27878,0.78295
3.67734,4.48384
9.27326,8.43462
5.90602,0.2157
5.53215,4.18506
4.92019,1.48627
0.02931,3.42847
1.20225,1.65434
6.65985,8.30824
5.03551,8.30149
6.9254,1.62626
7.19853,0.07199
3.90624,8.26162
4.54342,4.50114
1.12594,5.40657
5.27156,7.43877
7.40597,9.09207
6.01326,4.85003
3.28494,1.89425
2.57772,2.61346
1.73822,2.37802
2.24026,4.13269
8.36749,7.36958
7.74298,6.20504
9.57487,9.60017
2.80938,1.88231
6.54919,9.22349
1.10827,7.49879
6.93648,8.80028
7.39387,2.52906
2.52586,5.92466
9.1498,3.67984
8.06598,1.69504
3.61681,9.9185
6.28607,2.48529
2.7512,8.51147
5.7548,4.52137
0.73816,2.1004
8.66717,1.10154
6.67335,7.30226
8.64042,8.46632
4.86512,1.03818
2.73059,7.27998
5.91407,0.16879
6.20827,6.9292
4.64902,9.61665
3.33451,0.32947
2.76244,1.4327
5.90448,6.22656
7.64817,6.70288
3.8756,5.85396
0.6204,8.25465
0.88554,1.99239
1.13456,2.47278
7.88317,9.09535
0.934,6.05441
5.06327,1.65348
5.80448,1.78119
9.9045,7.58194
1.87438,5.26092
4.30095,0.99957
0.83659,0.29965
0.68643,9.55814
1.65949,7.88134
1.05104,6.66802
2.3623,4.53078
5.92685,9.8405
8.50711,8.25212
3.51604,8.99902
6.70153,6.79965
6.53249,9.77289
4.60501,0.65148
8.25054,2.21873
4.09808,1.53622
6.43563,8.89217
6.74717,1.59422
2.96694,2.57942
7.91841,5.27636
4.03857,8.22123
8.38863,6.98629
2.16107,4.23942
9.9696,2.16211
4.20023,7.60879
2.73791,4.18242
6.08459,1.43026
8.83943,9.64498
2.63821,1.78151
5.71215,5.45845
1.96454,8.61191
5.84686,4.53913
6.48317,6.48779
1.70979,2.40137
0.21517,9.14806
0.3652,6.75014
4.2078,9.93946
2.42573,9.44993
1.05361,1.00715
0.88663,5.00911
3.05599,5.75051
2.3929,6.1736
3.70933,8.27796
5.05803,1.2572
4.01435,2.66088
0.68388,4.18196
0.3164,0.4865
0.79119,4.9468
8.20506,9.97713
8.12753,7.43881
2.73303,9.64079
1.33931,9.46351
1.77569,7.13709
8.86795,8.96964
5.88725,7.66155
6.94889,3.31974
4.32586,0.7784
9.61189,2.26335
1.8084,4.3983
2.57449,5.8118
1.88122,2.29932
5.08607,1.23295
5.60792,3.69711
6.57249,0.47854
7.13931,3.20831
1.6163,8.18044
7.29029,6.84984
4.83947,1.66045
1.44407,8.07183
1.45397,3.59529
3.61877,0.16346
2.04549,9.16443
5.53303,9.15538
4.42256,3.88331
6.3348,1.15022
3.10751,5.266
3.5705,4.39498
3.84662,3.11068
3.83833,2.46571
8.83821,4.69961
9.83891,7.42574
9.07074,2.32855
4.69232,7.68544
4.51803,5.18545
2.85829,7.61092
7.6669,8.17713
2.57365,0.98439
9.44387,5.50604
1.70701,8.47691
6.30805,0.73896
4.70156,2.36725
6.29424,3.52532
9.87371,0.46921
9.16515,7.92195
1.44823,2.38442
3.21914,7.62679
8.19803,3.02995
1.52316,7.74125
9.2132,3.28324
4.46808,3.14447
6.241,8.25833
4.82448,4.10268
3.47064,4.32827
4.50717,9.40592
0.66826,6.61373
2.55485,5.80815
0.54591,6.7566
7.26487,7.33339
6.87653,6.09742
3.48597,8.77107
0.39434,6.3734
1.81447,2.62662
6.36181,4.67882
7.70487,7.49399
1.1582,7.24792
8.7107,2.5079
5.88338,3.13243
3.0903,0.39609
5.05406,1.33311
3.50807,2.6226
7.89766,3.23963
4.99925,8.2766
6.23868,0.50939
5.82416,1.29983
3.90246,2.56173
7.18595,5.53701
1.21652,5.14186
2.46979,0.37895
6.89418,8.03889
6.34548,9.369
4.02582,7.54193
4.6471,6.66288
0.85511,5.38358
2.02261,2.12345
8.9356,4.47158
4.56769,3.02388
2.36755,2.81728
8.46461,6.52987
8.51418,4.97953
1.19269,4.09266
6.67667,8.40142
9.07272,6.37523
0.56645,8.70224
0.58766,6.20535
1.10526,0.70304
1.36911,0.86779
9.06254,5.13439
3.27358,7.94783
7.16193,0.46621
4.55001,8.00741
3.99856,2.85869
4.77631,1.79519
7.63144,9.76741
0.84235,9.5829
2.74287,0.72789
6.9519,2.61359
5.09409,0.45899
6.23305,0.22041
2.24262,7.56264
7.502,8.10427
6.22564,8.39838
1.07298,6.26716
4.43362,8.76844
6.78689,6.08559
5.47459,8.22477
9.14156,4.09886
7.62318,9.95422
4.78609,4.15356
8.01083,2.05078
5.0729,1.44417
5.39754,2.66677
3.22413,5.08263
6.78531,0.31269
1.77601,1.18019
1.55197,8.92386
0.98053,6.70141
3.78889,4.09529
4.02218,9.2096
5.94613,6.39084
6.86223,3.89535
0.53854,2.08618
6.73584,5.71442
2.1645,3.12019
6.66649,8.59645
7.95607,8.6307
2.6199,5.71602
5.31286,2.06812
6.11426,3.29287
6.88159,7.62698
8.90556,2.95004
1.89196,5.7006
8.0401,8.26334
3.67059,0.19593
2.43016,2.81379
0.37156,1.40252
5.46766,3.74896
6.55152,5.93141
7.11112,1.88002
7.75277,0.459
7.08422,8.80647
0.40291,4.19695
2.21386,8.07592
0.59181,9.16434
5.68905,2.15175
5.27237,1.99172
7.82414,7.95645
1.36245,1.13779
5.53574,7.81915
2.12142,5.02243
2.27538,7.31131
7.67773,7.79574
5.26395,8.75302
0.81228,4.62919
3.9162,2.35592
6.97329,3.42852
8.77112,9.16134
7.11415,7.11167
0.86242,6.57323
7.07819,3.61742
3.02181,7.87334
2.97776,7.00932
6.8975,4.15309
2.5399,0.33224
5.88856,2.57935
0.37503,8.79068
6.3365,6.65912
0.11559,6.78498
7.77729,8.70803
1.17061,3.6709
0.56472,1.68839
9.9526,3.50054
2.00593,7.63672
1.17194,5.98951
9.06772,2.51864
2.70032,0.37082
3.99322,1.04186
7.86515,9.56956
9.5394,2.16938
7.59313,5.73539
6.48136,6.38908
4.57838,8.24257
9.41529,4.50579
0.03964,2.36115
6.68163,5.32737
5.69149,9.24798
3.28703,8.63339
7.16124,7.12211
5.87827,2.75948
8.69385,9.62126
0.80298,8.06016
1.02981,4.7467
7.49535,3.39476
3.32551,1.29719
9.65942,7.35433
5.60754,9.62365
0.71932,0.45339
4.90255,3.9638
5.69459,3.4277
3.36944,4.6815
0.1865,8.26655
9.9189,3.36966
0.92104,6.82943
5.37746,9.14107
8.14571,3.15578
5.55469,7.59456
9.03842,2.96189
4.25332,9.72519
5.26553,2.31168
4.73392,0.98685
0.44492,5.19454
8.71494,1.9398
8.09763,5.36156
1.07242,3.6758
7.34744,6.52014
2.77951,6.46934
7.78912,6.0
0.45763,4.23792
9.37857,2.40167
7.89602,8.80156
7.60938,0.20265
5.8526,2.58166
0.98676,2.30974
4.23498,9.99943
7.6401,3.5813
4.39014,6.64259
4.79572,0.17763
3.47923,8.05634
2.80709,0.42412
0.84189,8.0397
7.85688,9.76313
9.21498,9.7022
3.43394,5.91367
5.90165,4.45899
4.13045,5.03305
8.41427,8.52009
4.28544,7.55104
9.36859,7.29202
6.80629,6.32634
1.36078,2.32341
8.55266,5.2466
6.19205,3.04724
9.70883,4.29084
0.55169,8.06867
6.00059,1.71125
2.32826,8.69563
2.39201,6.43624
6.11479,9.0494
0.0314,0.36831
1.84609,1.74685
4.52216,1.64216
9.12873,9.7489
7.88816,0.84559
3.47746,0.70982
3.13889,4.76078
6.81028,3.52202
6.31906,2.30173
2.00066,2.64902
7.25281,2.15136
7.99236,2.42619
9.87258,9.07024
5.14891,9.73623
3.76948,5.35423
0.20604,0.5876
2.9295,8.98808
9.27011,9.25333
8.13804,4.89026
7.18636,9.84558
7.15541,4.06843
6.6613,8.22704
0.82212,9.15258
3.32701,7.26711
7.88788,9.66468
8.47504,6.66279
8.16115,1.88285
6.52062,7.44542
1.20767,4.94821
8.25654,6.06033
9.03721,3.69575
3.50148,4.25716
8.44382,4.07469
2.19374,9.79216
3.24204,1.83621
9.79941,7.5349
2.65099,4.8226
1.44985,1.21038
3.6261,7.7087
8.44737,6.39106
7.4209,5.19904
4.32288,2.19607
3.48587,2.53011
8.20225,0.82424
7.50647,4.7118
3.93389,9.05111
9.90486,6.76972
5.75691,8.77504
0.77289,6.70989
7.99247,9.37069
3.22955,0.3977
9.76488,2.96686
1.55399,1.17358
5.83556,4.4323
9.12728,0.31733
2.52851,4.06852
6.4921,2.1974
4.67526,9.20807
3.42717,5.04976
6.5424,1.15896
8.77792,2.49971
4.68677,4.09704
1.20672,8.36019
8.67049,6.94467
1.34264,1.80693
4.5379,1.89006
9.92744,1.57839
2.74504,8.37601
5.95082,4.29128
6.71087,0.95748
2.00374,2.78315
2.78581,5.24723
3.03714,3.24283
1.78511,8.58598
3.74048,5.36933
9.8411,7.94256
8.41883,2.06215
4.57306,1.13058
9.12443,7.9201
1.45511,6.40846
9.57527,6.65975
7.24419,8.58904
5.66506,0.20767
2.99484,7.40096
7.23636,1.43562
2.56878,2.25653
1.39176,8.53897
9.01162,3.67619
9.77607,8.84197
9.7343,9.9619
2.64089,8.67471
8.28596,2.24052
9.80757,6.73448
9.68275,7.59337
1.93425,5.21932
0.79505,5.30918
4.78525,0.41969
8.58887,1.98583
0.89946,8.94616
2.73285,7.84044
1.87959,2.8787
2.92864,0.32823
0.40371,2.30607
9.12818,0.7058
4.40823,4.1366
3.01076,5.54705
6.2663,6.50702
3.11414,1.24805
0.94372,8.70546
4.00582,4.45008
8.75811,9.61452
6.49321,9.78143
4.18642,4.23784
0.0216,7.65862
7.43995,9.13124
3.36415,2.29197
1.40086,9.63157
7.57621,0.66746
9.38869,1.76359
3.29075,0.95444
5.66402,5.14233
6.55092,8.46958
8.13279,6.16275
0.55107,3.67868
4.79213,7.07523
0.46278,7.55732
8.96222,4.45063
5.31591,8.76886
9.82655,7.49651
3.3825,0.94744
9.1562,9.12864
4.38799,5.5791
2.35695,8.02139
4.37928,8.0293
9.02465,8.2776
3.27087,4.30372
7.98201,8.98552
3.28458,3.66157
2.78311,8.37887
2.14329,4.0378
8.10166,9.09899
5.2359,7.9546
9.08976,9.10872
9.04912,0.75587
8.9825,9.14435
9.84656,4.92129
4.90106,1.68605
5.87677,8.3782
4.94867,9.52709
2.07246,6.54837
9.79825,9.35045
6.04829,3.85755
9.57499,5.41896
0.63409,8.51105
9.1762,6.5301
0.87449,5.14001
4.63207,3.53099
8.53004,8.91243
9.50581,9.91919
6.45502,2.0451
4.36645,9.88529
7.96647,2.03198
9.06928,8.52244
4.78653,4.76002
8.73103,0.21511
8.54801,7.0721
2.78553,8.55551
3.44662,5.75798
1.51592,6.29642
4.48579,8.32654
0.0944,3.09468
5.73646,8.53401
7.24154,4.53607
8.09535,4.68522
3.00792,9.04649
9.06442,9.63697
1.26565,5.67244
6.13676,1.90994
4.01291,7.84897
9.10165,9.35106
9.48372,9.79498
1.07553,5.40747
5.53405,1.69454
4.48862,0.82867
8.00593,6.96086
6.17158,8.77581
5.19647,8.50251
1.94298,5.12839
1.61127,7.68923
6.63955,4.97442
6.93977,7.262
2.81116,0.96497
5.97796,4.60746
2.08212,8.29071
2.64355,1.883
8.69282,8.36665
8.63957,2.3306
0.46186,1.70887
3.84776,2.66626
7.68088,0.6713
6.04298,6.97366
3.16494,1.57572
8.25713,1.77578
6.73918,7.64381
8.01346,3.9876
7.80087,3.36703
6.43922,2.93739
5.69332,3.41029
7.3564,4.08329
4.74296,8.86026
9.03047,2.72504
6.7727,1.52895
7.89534,6.44589
9.91147,5.9844
7.85843,0.65578
7.74402,4.13887
2.67253,0.82322
8.75524,6.86401
9.2611,0.94815
6.37205,6.78316
8.28832,2.65057
3.38221,8.28022
3.49261,1.90204
8.08471,8.73628
8.79582,3.87174
1.52561,7.96788
4.5347,8.14005
2.04635,1.54516
0.10716,5.65823
8.48461,1.21037
5.72318,2.39897
3.34664,5.4153
7.02036,0.54904
7.35562,1.99503
6.15914,8.29632
5.95072,2.24467
9.1235,4.88262
9.64288,1.45167
4.21338,9.82259
1.80721,2.96933
2.23032,0.94145
0.76744,9.95003
2.20628,8.68736
7.31134,3.01615
2.41868,5.55008
1.29589,9.78534
4.33728,5.14406
0.88473,0.05321
8.10842,2.04571
3.9604,7.03266
8.37055,4.48318
6.80178,6.68531
3.52189,2.55365
1.94516,2.11681
7.30174,6.46509
0.81224,2.27251
1.55715,5.00233
6.64999,7.50531
0.425,7.75521
9.39853,6.94037
4.91371,7.96874
7.13439,6.86191
7.4783,5.55474
5.37732,5.2221
4.99452,9.65266
0.2702,6.78279
1.49305,0.57319
8.68133,9.87862
6.17628,2.26891
1.4399,1.23431
2.27588,2.21313
2.07998,4.00756
8.20424,5.48668
5.4746,8.58551
7.75577,3.34995
1.78908,6.77827
5.30129,2.70314
0.2853,3.18514
2.64589,3.44055
1.07911,4.89519
0.53832,1.0871
0.22806,7.03371
8.78012,3.3915
0.07736,2.70123
1.53067,9.23876
7.70664,8.54162
2.57009,3.62965
3.23769,3.58084
5.54691,7.3758
0.32486,5.05257
0.50527,1.51386
0.4825,8.43804
9.99051,0.93086
4.20444,1.37211
8.4034,8.98589
7.769,4.67235
0.73234,3.12407
6.12211,6.91741
3.91868,6.30585
7.0428,7.84253
3.10675,1.9337
0.04318,7.1667
4.81202,2.03991
2.37921,5.5103
8.90415,4.33646
4.8964,3.73862
9.54801,7.97757
7.34584,1.7462
4.76895,0.21488
1.09363,0.08879
6.93017,1.79484
1.67023,9.76862
5.28962,4.60414
2.42369,7.02399
4.45152,0.13658
1.08911,9.84811
0.84683,9.90459
1.05254,6.19279
1.45256,5.03108
0.64794,0.10369
6.64683,7.47327
4.90613,6.61814
7.10646,6.00264
0.66028,8.87454
6.91808,6.1386
6.56164,8.89993
5.41268,8.13004
7.92911,2.50255
6.33581,5.11869
3.4583,7.47892
4.73139,7.5325
8.85581,2.86294
6.93525,8.09526
3.99296,9.70679
4.66358,7.74856
2.01706,4.35626
0.48713,3.98041
7.36586,4.04427
1.72829,5.24902
7.24644,2.54705
8.03773,1.3
8.16998,3.28367
8.35751,0.73285
2.81925,5.04923
2.87473,4.84596
9.55102,3.2254
3.23942,9.27121
9.29763,5.97246
9.84034,2.15117
5.19173,4.10394
8.46515,8.32373
0.18893,2.10388
5.65988,1.91158
4.21823,1.5242
0.4375,9.54697
1.8197,4.81373
6.97275,5.35096
2.65579,8.59699
7.71362,1.8694
6.00505,5.15501
8.89381,1.34425
8.70867,1.95331
1.75038,9.98063
8.70421,6.81663
2.28893,3.41127
8.65619,7.561
5.46055,3.24298
3.38126,9.74103
1.32094,0.45635
0.82128,4.32131
5.94552,7.14242
8.52388,0.05884
2.9399,6.73111
6.46308,5.53749
3.2586,4.45456
8.80536,0.14022
3.57988,2.36657
1.46741,1.79386
2.76483,7.26381
9.71263,9.27271
3.655,4.42758
7.52299,9.42782
0.41392,8.39312
1.04275,9.37932
9.60874,5.29364
2.68844,5.49662
8.99975,0.28539
3.20722,0.82099
1.36516,8.81921
2.04845,2.19079
1.37151,0.48548
0.03843,8.24838
8.86131,9.12416
4.14034,4.87885
6.70785,9.85507
1.39763,5.41218
6.08192,4.61378
5.50995,7.94165
1.89218,8.73716
4.76215,6.86229
5.37889,0.74568
7.70135,6.4238
7.57557,3.77658
0.56615,6.16482
7.15257,9.00346
8.49803,3.94119
2.45155,1.1196
3.57859,3.40733
6.33852,0.0401
9.49754,1.59738
6.32686,9.50865
1.48759,8.36636
0.30333,5.58047
6.03674,6.96082
6.44471,1.72134
4.3825,4.21974
5.86938,5.34786
2.2927,0.47168
7.70085,5.17189
8.3959,5.76191
6.25024,1.1027
3.13404,8.03713
7.61492,9.3785
9.18013,5.48996
6.02261,6.71453
9.19908,4.54848
7.94739,2.96932
6.82023,7.92448
4.78467,1.42415
0.64951,4.29713
5.91549,7.16416
0.1707,3.25214
1.26136,6.82464
2.31862,2.88681
3.58852,0.99076
6.20676,2.43268
5.8308,3.93266
8.50709,1.8356
5.21218,3.66835
2.37276,9.661
9.83026,0.65483
9.68171,1.07365
4.93361,6.13151
3.01254,9.45131
6.21694,8.05099
1.16774,2.07311
9.4944,7.77294
2.4723,6.63873
9.04301,0.32603
1.08432,0.23516
9.09135,2.94055
6.14756,2.82114
9.65057,3.1028
4.56383,0.65445
6.99644,2.34565
8.77622,3.69622
1.57427,3.59744
8.07365,7.38969
0.12261,1.14167
2.55628,8.20596
9.26872,5.62712
3.07124,5.7686
5.05559,1.19007
4.85647,0.98735
6.73089,7.62659
7.56199,3.81664
8.03414,2.73133
0.01564,3.28557
5.59048,8.73501
0.78423,0.38201
6.17264,6.25194
2.39981,7.03825
0.59224,9.1587
2.49878,9.89502
8.38541,8.82098
0.28255,3.71112
7.62978,2.01692
2.02705,7.23097
1.38157,6.57125
6.71635,0.14188
9.38908,9.93794
3.12615,3.94959
7.93535,8.91231
9.97098,6.04115
3.84809,4.72013
6.48306,5.30725
1.41931,1.3631
4.04913,4.24373
5.28018,6.0672
9.9011,9.94072
9.15504,2.03185
8.59665,9.79174
7.97017,0.51451
3.1297,1.41224
3.7494,0.49114
9.06183,3.7809
6.2486,0.69877
6.14247,7.58642
9.50892,3.9318
2.97612,9.82604
5.90922,8.99125
1.71564,3.5007
5.33829,5.02249
6.48963,5.91075
0.25997,8.84952
9.20808,1.66668
5.60578,3.37929
4.84894,4.67883
3.48143,7.88948
3.72546,6.21614
7.23365,7.87273
3.03803,7.47073
8.89746,5.72704
4.85702,2.84989
7.94249,9.89848
9.71272,1.24795
0.07605,7.39693
2.78064,6.24486
5.96838,8.12051
7.10029,9.78835
5.39445,9.94751
6.71194,5.14965
3.13067,7.35011
4.47434,8.12078
0.3774,2.39515
0.53675,8.50459
5.50107,6.54135
7.42045,6.42974
9.39614,4.78488
7.78884,0.02381
2.43253,5.25309
8.08168,4.40455
6.78687,5.7394
0.44762,2.00346
9.47671,2.50782
3.45418,9.14054
0.83076,5.69369
1.08642,7.85037
3.58429,9.44763
3.67591,2.29312
5.51955,8.10477
3.02141,7.30281
6.36319,5.98452
0.31293,3.97428
3.41365,8.82026
3.08106,1.77492
0.48824,0.98609
3.62609,7.96615
1.50713,5.35556
5.62257,0.96835
9.79007,7.27538
3.05446,8.71784
3.46299,3.18043
0.59548,9.5905
1.45523,9.46826
4.23325,7.95839
3.09915,3.88944
1.69347,5.00242
4.44929,0.14583
5.05274,3.85288
9.08094,9.91041
3.49616,4.81253
3.09773,9.75938
0.95398,2.61381
2.72946,4.61047
4.51517,9.93253
6.9924,7.73741
7.68996,7.58957
4.53905,4.81548
6.32519,5.95397
3.60716,2.15021
9.23772,1.85647
9.17829,9.39946
5.39426,3.9281
6.62006,6.03942
6.87579,2.58708
8.28528,8.18464
4.61511,6.2892
5.12484,2.80088
0.90341,5.29079
8.46878,7.814
8.97894,6.71611
2.21434,6.87422
9.76411,7.01108
5.59069,4.10387
5.73434,9.62352
1.69732,9.13669
3.54485,1.31397
1.19694,5.52298
2.79724,5.4805
6.34813,9.9788
9.82088,3.96373
3.7054,0.80612
3.38699,3.18923
2.01997,8.54961
9.80576,5.96043
8.004,8.98797
0.10096,6.97761
8.63105,9.06183
5.38322,0.19814
0.28209,0.41294
5.66255,3.48084
4.07227,4.87578
8.12268,7.42913
1.75207,3.24125
5.10342,6.19862
6.90967,5.92594
3.98726,1.42678
8.26217,1.50731
5.14432,5.44603
3.49298,5.52287
4.96322,6.35393
5.16474,1.02322
9.37734,4.83597
8.08128,2.66842
5.73373,9.42098
9.26198,1.32805
8.43176,5.26364
3.40381,9.4078
6.43297,4.30543
1.20527,6.13893
3.86247,7.92164
0.68844,5.69642
9.28553,5.31479
5.30846,6.34508
9.19329,3.99846
2.6704,8.04152
2.69958,8.8625
9.38192,4.95835
4.99017,5.45177
1.565,7.8803
2.16416,3.37056
1.58493,1.52194
5.00916,0.74083
1.9031,1.69329
8.82057,3.38863
1.91291,5.57314
9.31444,4.40269
6.12713,1.06765
5.14401,2.87715
9.04681,6.36241
4.88562,8.15807
7.28809,0.38159
4.6807,3.2489
8.52588,9.43921
1.9461,1.83644
9.71563,0.66372
0.52898,7.94587
6.05761,5.58515
9.71364,6.9166
2.6863,5.5008
1.32512,9.15611
4.38529,3.29751
3.0066,4.25013
1.93454,7.79525
1.07782,0.90962
3.16317,3.59781
9.06012,6.30884
7.45636,8.33604
1.63075,8.8845
4.64131,8.5921
1.39677,1.07624
0.17144,1.6983
2.33292,5.90624
7.25689,9.32753
6.51428,2.46694
9.61215,7.44335
2.0145,8.50207
5.84567,4.60471
0.32221,9.41543
9.84663,7.80393
8.26208,2.69307
9.37353,1.80854
3.75377,1.73085
5.22349,1.85216
2.37007,4.73089
1.64431,2.1365
9.78324,2.44668
7.52034,0.48942
3.05444,7.7382
8.36373,7.03379
4.93315,3.17741
7.72101,0.67397
3.86566,1.14077
4.37918,3.80129
3.75846,9.0446
3.74514,1.10935
5.63057,1.61868
0.94889,8.6239
2.50986,1.52163
4.22413,6.03146
4.86075,0.80918
7.47823,7.22062
6.18437,1.5123
8.26021,2.8392
0.42756,2.11624
5.34586,1.82416
0.76044,4.1514
8.58914,9.04845
9.92412,1.20211
5.52534,2.70923
1.23288,6.82994
0.93635,1.52322
3.83108,7.6889
6.99074,9.56578
5.52037,9.37903
3.86086,3.04152
4.26165,8.76921
7.8636,4.03097
9.20235,6.89462
7.98063,7.64264
3.98199,9.69718
4.40786,4.50008
3.27272,2.12661
4.14602,1.65538
1.43562,3.77119
9.2404,9.93987
5.89516,9.55324
5.68611,1.03974
7.27687,5.13149
0.70703,6.01461
0.86406,9.69919
2.65694,1.0779
9.08389,2.49587
1.91792,1.73072
2.98455,8.34144
0.4271,4.62351
4.39522,9.32724
0.41307,3.03729
7.75922,4.59605
6.5888,2.44749
7.11275,5.95343
5.43485,7.33835
5.40419,4.84194
4.04333,1.71623
4.87509,6.29353
7.50176,6.25873
4.43019,1.36931
0.96047,0.27722
0.59246,1.02046
2.68921,2.12338
5.40084,0.64465
9.76386,6.1812
5.23613,3.70744
6.21596,1.12401
6.22993,6.88527
4.9428,0.31229
6.24458,3.42092
4.36664,4.27694
3.95162,3.08247
5.04831,6.33678
8.80063,9.08268
8.1852,8.87521
0.81798,8.47027
9.97047,2.27009
1.48145,1.18107
1.19746,2.02084
2.30186,1.6199
4.66958,7.79488
0.21659,5.34275
6.45994,7.35921
1.09931,7.02937
2.36182,7.34549
1.74843,3.89044
9.0244,7.1285
7.32168,1.18249
4.6237,9.31657
7.55351,7.53346
7.24983,2.08559
2.74889,9.93704
1.43706,6.55549
0.0405,4.99427
3.42332,9.95366
2.89247,5.52944
3.84511,1.04537
4.91806,8.95803
1.06374,7.13897
2.45057,0.07714
3.69229,7.57507
3.01473,3.46259
5.58597,2.46762
3.8272,6.31899
1.75855,0.72113
5.10014,8.13167
8.41764,1.46451
0.24131,9.22761
4.69546,6.71539
2.89064,5.10078
5.14225,6.42095
7.14275,0.55395
0.96485,9.29892
3.7691,6.49357
5.53021,1.57603
5.97002,4.73658
8.77038,2.57375
0.67147,1.3908
8.00861,9.09085
9.42393,6.50412
2.988,1.12659
3.1726,1.49856
3.69719,2.89171
8.65456,9.01554
8.26201,2.77042
4.9689,1.19343
0.47086,9.19071
6.08879,4.07995
7.52952,7.62979
6.96468,6.54559
1.27246,3.23452
2.4894,6.53199
8.92963,2.44726
2.32704,4.85047
4.04104,5.83231
2.89709,8.84995
9.5749,1.44735
5.8949,9.21542
1.16975,7.46469
0.27957,8.7423
5.55939,0.31437
2.90388,3.72199
5.96926,9.51875
7.13348,3.34205
1.80304,2.5685
8.08705,6.90059
9.8707,8.00651
1.54309,9.55044
9.25764,1.14461
1.55629,6.13952
5.37528,0.48137
4.74115,6.64178
6.10227,7.47645
2.11057,4.87832
2.89179,5.17688
1.42398,4.40896
9.94198,4.28199
4.61304,7.78463
4.66584,4.45624
0.26611,8.94036
7.31232,8.43456
4.3624,4.12463
5.71943,6.83537
9.31344,6.28808
4.37871,6.52546
1.91754,9.63941
1.91714,1.47805
0.04614,9.11978
3.39407,1.81066
9.72668,1.03456
4.2292,4.33784
4.01214,9.05424
2.16453,6.81111
9.34307,2.50136
2.74171,5.93666
5.90098,7.27037
0.2678,0.55292
7.40441,8.39081
8.27931,3.97516
4.94465,2.1883
0.84397,5.25121
7.97816,1.48589
3.43186,5.63177
3.16368,2.94356
1.33246,8.77442
4.91433,0.66268
2.53281,5.29894
9.32379,3.21207
9.98421,8.84355
4.57716,7.29772
1.36108,6.52668
1.91138,8.02131
6.29349,5.28102
4.61902,5.54375
4.39382,0.02661
0.22476,8.6088
4.51294,7.0894
2.1234,2.3039
4.27163,3.98183
3.55742,2.86758
1.58319,7.07288
0.72141,5.1273
9.64598,0.26503
0.01233,1.92931
1.73062,8.55247
4.75977,0.97242
2.97217,9.47403
4.59887,2.41833
9.36474,0.67132
7.39361,2.80357
4.68067,7.23062
3.85793,9.12379
1.40868,2.35155
0.68743,6.90321
3.12389,0.47151
6.2746,3.22936
2.59444,3.97619
7.55647,3.41114
5.58977,2.4386
4.46535,2.69762
6.08801,6.79446
8.23652,1.55975
6.07658,8.97706
2.99014,5.01772
6.30659,8.35071
3.97629,5.96532
8.57975,3.64956
9.53056,7.06051
6.62875,6.90423
7.02097,6.30381
2.79121,9.7315
8.22457,8.9186
8.777,9.12589
9.5559,4.45866
1.93587,8.94438
0.1945,0.2108
4.08684,7.77598
1.7986,4.02611
1.95469,0.1333
3.29091,8.81934
5.77593,5.04681
6.50221,8.2576
4.92995,0.80655
7.78788,5.76523
7.68708,3.90082
8.46521,7.66594
3.29916,7.57221
4.22781,2.21681
7.05099,1.65673
2.21392,7.6965
7.25099,7.19613
9.08334,1.34007
8.6927,2.88256
3.74278,8.29594
1.82367,2.61224
0.44078,3.89395
9.46816,1.53883
4.83717,9.58841
5.66186,6.10307
5.75011,5.50198
1.85504,2.7645
2.01884,0.15875
7.03646,2.53044
2.10352,3.65804
2.53165,6.68066
0.0172,7.93066
5.92479,5.19111
4.36116,1.76101
2.98482,8.60623
0.02883,8.84029
0.56453,0.38058
2.81219,6.06571
9.65709,7.88132
4.3326,5.42214
5.92566,1.09733
2.8841,6.04035
1.89081,1.89498
7.90268,2.77729
7.92655,9.27521
7.65892,2.47534
4.48172,3.56797
2.39567,2.20161
3.19018,1.26585
4.25456,5.8588
1.61227,4.37468
2.44796,4.94837
5.80573,5.89158
4.03206,4.06984
7.83866,4.51091
7.71577,9.37083
6.34722,0.30852
8.69865,5.56557
4.59191,6.75818
4.03892,1.95943
7.04652,2.06404
4.84352,1.88793
6.90383,8.55266
0.73482,1.61989
7.03413,1.61073
6.67317,2.24407
4.93823,1.4047
1.34141,7.80014
2.85202,2.86009
4.66154,2.14394
4.87803,4.12079
8.33735,6.09781
3.06886,0.82113
8.87749,4.10399
3.14917,0.10582
6.15026,5.39243
9.20242,7.87549
2.75862,1.03804
5.18723,9.34897
0.84288,0.94455
0.02076,7.72627
6.88657,8.23478
0.18163,6.85438
8.59689,5.48118
9.11758,7.13168
1.68418,5.69974
0.02649,7.35081
1.97451,2.90492
4.33849,1.34648
7.71826,5.47271
2.21651,9.19449
9.50258,8.45376
8.70302,2.60186
5.22978,5.63214
0.13861,7.061
5.2907,1.68888
7.31486,2.59148
4.02052,2.47475
8.62745,6.14088
9.86677,7.40624
6.87391,9.31648
7.65913,1.51173
8.37055,8.31762
3.41723,3.29713
9.18617,7.24543
5.05189,0.91884
8.54037,9.72098
4.25748,6.34931
8.66475,6.11117
8.08197,0.7208
1.15858,8.20629
4.03039,2.30904
8.95341,3.8238
7.05908,6.04073
8.42414,8.24334
6.64173,8.38788
8.12989,6.482
2.37611,3.15921
6.0387,1.65969
2.29854,8.65948
8.31404,2.88249
7.45207,7.11622
7.75615,6.06849
8.35076,4.919
6.76675,8.80908
7.41742,4.48104
9.52761,9.68633
0.00554,3.53803
7.64533,7.87769
8.14746,9.96046
0.01778,1.31958
8.63631,0.94355
3.26685,7.95841
3.57937,9.0258
1.11145,6.25596
0.2188,6.8856
2.24659,0.42227
4.6249,2.39267
1.24882,0.77132
4.19313,7.7742
0.98244,9.17769
7.74244,8.22577
8.28728,9.92715
5.68137,7.43422
4.30833,8.74051
4.40181,7.03548
9.07179,5.42192
8.31636,8.52421
5.8144,0.96935
1.70362,8.92588
0.28806,5.97029
7.89845,1.39903
2.17984,8.87501
9.66628,3.15019
7.14615,3.05868
8.24998,1.63824
1.92301,3.03604
2.211,0.62678
1.5432,7.84784
6.13641,7.78347
1.37559,5.16691
3.79254,3.68197
7.41919,9.26202
2.46495,4.37689
5.5129,9.60199
8.83659,2.14827
8.41363,7.0252
5.79718,5.23975
7.46565,2.60921
6.96474,9.34491
7.27209,0.26673
2.36376,2.94911
0.97147,4.75567
5.70012,0.97747
4.86493,5.79952
5.38343,9.78077
7.03992,9.77715
1.37287,5.39163
2.00907,2.64731
8.38923,8.84236
0.06935,3.4595
1.97115,5.64586
4.12894,2.51234
1.80438,8.47319
1.43316,1.35418
2.59689,9.51003
3.2796,7.60958
7.15177,5.31095
0.69541,2.79222
8.22602,3.34539
6.11511,5.87956
3.87636,0.31677
2.71827,3.60843
3.33673,7.40449
7.85115,1.06858
1.20672,9.57645
6.17907,9.98103
5.31977,7.13283
2.38431,6.05388
9.29893,1.84958
8.14271,8.62626
5.48886,8.85753
7.69344,2.81519
9.71938,6.22358
1.63869,5.62998
0.15707,4.36668
6.03184,8.59899
4.62203,0.46622
2.71209,7.37677
6.90333,1.74687
3.16425,8.38327
5.36678,7.90711
7.6618,7.02323
0.28728,4.70757
3.38944,1.7356
8.91261,3.03975
7.16162,0.3678
2.30827,5.38163
8.85456,6.096
9.90482,2.84287
8.00047,7.96044
7.74957,3.36211
8.25841,7.42241
2.69557,5.7686
9.30771,3.97742
3.01513,1.17165
5.2495,6.58951
7.82331,2.34697
3.59807,6.12695
0.97127,6.46594
6.84853,6.41004
6.91357,6.39757
3.56406,7.51294
1.05425,6.22939
0.30375,6.38757
8.57884,0.31331
1.38529,4.8331
2.82484,9.90819
9.44508,3.51424
2.68711,6.01849
3.55289,0.54892
2.02079,2.70147
9.92102,9.51882
5.2822,4.45019
3.67807,9.42591
8.60635,5.16344
7.79067,0.99587
8.6306,4.81047
2.22675,6.07723
4.12802,3.17138
5.35557,8.43227
7.64585,4.70677
5.38634,7.06189
4.19657,2.27109
3.1501,2.29737
3.68858,0.53004
7.89467,7.83176
4.50948,1.38032
5.23408,4.62414
1.0002,9.95569
2.36865,4.60947
9.62575,5.77383
1.66179,8.24159
2.55615,4.41236
8.34548,9.83114
6.68116,0.1989
6.73631,7.31304
9.74708,0.95032
9.19363,3.3518
2.19489,8.32045
5.32574,9.15649
0.74342,6.83268
3.31966,5.80737
1.26476,4.23152
0.01398,1.76139
2.73953,7.56379
4.08911,1.70212
2.93942,4.49406
4.81477,3.38163
3.314,0.85388
7.65479,3.07079
8.6138,9.42152
8.54416,2.46767
3.14553,7.13842
6.80642,1.3537
0.23284,8.52688
4.58107,9.61769
4.16666,4.09455
8.54361,6.38601
6.86021,5.54542
7.64702,3.78997
8.52423,0.88451
5.0261,6.71916
4.70452,0.90894
7.3394,0.71723
9.42999,8.84873
5.51557,4.06909
3.02324,1.53142
8.8747,0.06792
6.16951,4.21881
6.72986,7.3061
5.21448,3.19195
5.49528,2.72036
8.79927,5.72056
4.94908,5.97551
1.56194,4.29679
9.14824,1.95769
1.2568,6.558
7.30707,8.4207
3.19736,5.29981
9.78935,4.40466
5.6711,2.67795
9.11859,4.54529
1.7757,9.11444
1.55389,0.5694
1.67659,4.05981
0.20522,0.73331
2.22255,9.87754
7.99568,8.98272
4.5941,3.79029
7.99925,3.00793
7.42798,9.65051
3.29018,5.17476
1.70658,4.93417
5.79888,2.5839
8.41318,5.88143
3.83201,4.10105
0.01463,4.98544
9.21748,5.11632
7.74806,7.17062
0.92674,4.08677
6.03081,4.97135
4.00272,7.74154
6.62386,5.1329
7.68253,9.0885
9.46887,6.62383
6.55222,9.44415
5.42785,9.27217
4.92205,4.96038
4.67515,1.842
7.93287,6.98732
9.60144,0.25628
9.14671,5.03926
3.71064,8.30207
7.54845,6.73671
4.9135,5.19749
9.0266,2.33204
5.83852,0.53708
4.59532,9.1637
1.21225,6.90538
3.525,2.92673
6.0313,7.77868
5.04475,7.96375
4.65004,6.01282
8.49985,5.62884
4.97544,4.93944
2.15137,5.18811
8.99852,3.30651
9.30499,4.83112
2.89757,7.33011
1.6122,0.58143
0.88635,8.21935
7.51409,1.5296
3.46329,5.9512
4.69255,9.1003
0.93851,5.34289
0.65731,7.19411
3.73022,1.9266
3.00585,5.93585
5.81596,6.59372
2.77218,8.34025
0.18654,7.01269
3.66317,9.12664
4.85589,8.19369
8.74821,5.24164
1.93832,4.1452
2.62214,7.26179
1.43698,8.93362
3.69436,4.17738
5.07238,6.57179
1.17494,8.3564
3.80207,2.06503
1.50719,8.76486
3.96987,4.45464
1.46405,3.92844
5.36038,7.11873
3.14164,8.81993
0.5449,1.10691
5.3696,9.6018
1.55396,7.00961
6.30819,1.4749
7.60481,4.41292
5.28743,1.07241
2.13319,3.03347
0.28729,7.5381
1.10013,1.68122
3.15672,4.45596
6.05697,9.35356
9.17492,6.17989
8.68373,0.92045
9.075,7.59085
0.12408,3.22049
6.12757,5.22405
6.16529,1.20426
7.20104,0.52547
7.32258,1.57039
0.31505,8.93466
5.07735,2.36645
7.93566,9.58757
7.11226,5.86555
3.68818,8.39894
4.52304,5.76306
7.06195,6.89467
9.19798,9.80996
6.42381,5.2239
0.98214,1.86822
0.35867,9.21358
8.93355,6.76075
5.50494,0.62366
4.00839,3.40048
7.42306,9.14534
6.15558,2.77815
3.67317,9.68376
6.23541,1.84209
6.66728,8.53087
6.41745,9.17581
2.96521,2.19246
4.82307,1.4359
7.65504,6.04296
8.72837,1.23377
4.92908,8.99513
0.4871,5.79834
1.50778,1.66
3.35449,7.2765
2.32664,0.539
7.26221,5.64485
7.2986,6.99034
7.25687,9.1583
5.93249,7.91352
0.04808,3.73615
2.15483,9.15067
6.56698,3.09509
2.71062,7.46652
6.32196,3.56031
2.06762,6.55746
0.14335,2.41221
7.5634,0.11901
3.86707,5.74038
5.33351,7.82238
8.45307,3.72782
1.76203,2.93995
1.94519,2.70272
9.38248,3.91765
8.59098,6.61392
2.33483,9.86109
1.95781,7.54499
1.9497,9.93169
9.85475,7.29271
9.66049,7.81402
8.19391,5.27283
2.04118,1.53073
8.43777,0.2982
8.22016,6.35569
3.66426,3.9196
9.52162,3.33227
6.50472,8.76318
2.40692,7.29821
2.09512,3.57578
8.0812,9.72228
4.83322,6.00375
1.7106,4.86392
0.90468,7.70906
6.57279,8.45605
7.71941,7.00216
8.05591,6.69764
9.48654,5.9428
7.95949,1.746
6.84256,8.32391
0.28318,4.32656
6.0997,7.36303
6.46933,9.83552
4.10478,4.29272
4.02757,3.82656
3.82647,5.1888
0.56758,5.19699
1.7471,5.50131
5.84864,5.32353
2.91531,4.60436
7.15581,7.35604
4.09926,9.03132
1.26834,9.54702
5.37066,7.35638
1.89695,0.9756
0.29865,4.47672
0.46246,2.34816
8.64327,7.03272
2.16201,0.78797
8.57986,1.45406
1.10039,6.216
7.70907,4.58035
6.58188,0.66457
9.94626,5.12717
4.30953,9.2044
2.86249,3.02355
7.46061,5.0892
7.81989,4.16067
6.09828,4.32835
0.23088,0.64234
6.10715,7.80518
6.76243,9.15623
1.2464,0.2702
0.75987,6.46344
0.90376,6.56862
0.46307,7.94427
9.86439,5.17913
1.09393,7.62501
0.97676,3.9761
6.22102,3.72552
0.76252,9.29386
0.02135,7.99736
9.64495,4.57229
8.50112,5.03189
4.71257,3.8425
3.19374,1.9562
6.87166,2.2752
0.34261,5.47175
6.21334,0.35256
0.48358,6.87696
0.47416,7.42473
6.11304,3.73341
3.36939,2.50219
5.32961,5.33894
7.75446,2.02402
5.52213,3.93428
2.81921,9.54306
7.8132,9.91498
6.67713,5.09596
5.36801,9.88021
3.13153,0.83511
8.6472,6.59858
7.22724,6.94543
0.45915,3.73918
9.36755,4.65777
0.5881,7.42745
1.24766,3.77548
5.60387,0.46604
2.02452,7.76204
9.74634,7.16855
8.48607,9.06391
4.39703,4.17705
1.1494,4.52441
5.50615,2.06494
5.79675,1.14044
9.38432,0.82321
6.28493,6.03304
2.82365,9.19312
3.02521,3.89157
1.21641,3.68525
5.19361,9.34872
9.42504,4.81905
6.20524,8.7661
4.61781,3.34919
2.57657,5.41115
4.57138,0.66923
7.06154,8.00003
6.05427,8.85113
8.84602,7.46719
4.54669,3.47818
5.99375,0.43284
1.0215,2.59897
0.13802,5.39717
9.92834,5.51383
4.02838,1.25414
7.46764,0.7749
3.14633,7.38426
7.79732,4.2812
6.45039,4.93125
9.14179,6.91302
7.92026,8.66837
2.56758,2.63987
2.87109,6.69138
2.87233,8.551
9.9643,4.01592
8.84732,8.49686
8.94342,3.71731
8.25222,9.27289
2.45127,9.46543
0.61403,7.34518
8.50205,9.22947
3.07582,5.33677
5.49275,8.817
4.13806,4.29926
6.93799,8.85208
1.27392,9.16061
5.1146,3.73457
8.29668,1.40212
6.4473,1.51808
6.56299,0.5349
7.51387,7.42302
2.3789,5.33249
0.0544,1.35938
8.73195,0.11064
4.07307,3.86871
0.46057,0.17416
1.3063,6.0806
6.93902,3.62907
5.91798,1.13898
6.68228,7.7504
9.71918,3.69288
8.04706,1.12105
5.45314,1.33292
3.03659,1.89572
8.73939,3.10287
6.42797,4.51776
6.31376,2.64516
8.22772,5.16969
5.16948,9.06983
5.17687,5.89641
1.11409,1.19354
9.35472,9.58374
9.70876,8.31089
0.05709,5.74178
3.04106,6.40329
9.12646,7.49789
0.93768,3.94085
0.99032,6.08145
0.56648,9.0933
1.69024,8.091
8.67756,4.23161
3.15491,5.9475
5.97722,0.95639
6.99489,9.30038
7.76341,3.99659
8.83275,1.34894
7.79023,3.55908
5.87086,8.05749
5.61648,5.92408
4.3225,0.69984
4.80635,4.21088
9.54992,1.32983
5.09117,6.83153
8.63381,2.22796
4.97625,2.75467
3.99868,9.24368
6.17975,4.77677
5.91226,8.63619
2.07614,7.58741
2.89849,0.49233
7.48181,7.11386
5.40689,4.9363
8.88287,3.4663
3.88793,6.7273
6.60162,3.54043
5.66285,4.31591
8.00755,0.29267
4.88161,1.23077
6.22324,2.02693
6.34561,3.83091
7.77719,3.97616
5.25308,6.70302
6.49453,4.55068
0.65781,8.36948
0.64398,1.74917
7.59645,5.73217
0.89137,3.25066
9.61893,0.04482
8.99158,6.67386
1.70677,5.87302
3.33993,2.18283
4.01434,0.61143
8.92814,9.8113
7.85869,8.49514
8.88291,4.43523
6.97306,1.86017
1.40623,7.62535
1.79332,8.70494
7.19065,0.73263
8.01547,0.97626
2.73179,1.27105
3.36455,1.95201
4.06037,9.91082
2.30728,3.42803
6.36935,7.43346
6.87086,8.24304
8.27731,7.57868
7.89787,4.18239
7.43766,5.12368
4.10617,4.3958
3.0546,9.40007
0.56238,1.6499
1.70094,4.64234
7.20032,1.51212
5.89328,6.11692
2.96657,5.69168
8.39061,5.20104
2.33171,0.05617
4.50991,1.74985
9.65875,5.76975
5.62605,0.65929
8.998,3.17283
5.21547,2.94513
0.77657,9.54161
1.50908,1.3088
3.48203,7.96207
1.32632,6.47004
6.46751,0.52973
2.67047,4.01614
1.29446,3.95714
1.81844,1.06775
0.87744,8.2843
7.82761,4.81128
6.25103,4.61162
6.28881,4.41339
4.19993,1.53515
2.61781,5.46017
2.33922,0.53068
4.10931,2.99118
5.20049,9.6986
7.90998,7.07698
6.22812,8.8783
4.07497,7.85867
0.72856,5.98727
2.22293,0.56989
2.37561,8.4447
5.4425,7.25134
1.67678,7.22179
9.27446,8.82858
9.5585,8.54372
2.66129,7.75284
2.05769,2.18193
3.99978,5.79079
0.10526,7.34338
4.51288,6.37826
3.48214,2.40951
1.79894,0.64398
3.90326,3.6693
0.45266,5.08978
6.19313,8.8169
1.42835,1.50168
3.63672,4.37242
6.45975,6.88858
7.76678,6.60451
4.44298,1.29887
2.43211,6.16204
4.64219,2.87147
1.4383,5.34159
4.62709,5.39985
6.80933,3.83128
7.51389,3.07665
8.80484,7.1889
4.82313,9.00147
5.39369,7.53058
8.08376,1.43557
7.2155,8.78226
6.06874,8.27269
1.79334,1.25051
6.1935,5.44546
8.13102,2.33229
1.76795,6.90957
9.27127,6.31905
8.3105,2.86126
1.5536,8.26865
5.99731,6.42222
7.17954,3.45458
0.08183,7.68175
6.66693,0.28901
8.63573,4.49948
1.78044,4.06298
1.51487,4.14177
7.51031,8.99331
0.51656,1.39412
3.74748,8.37437
8.10714,2.41845
6.40259,0.87064
1.80038,4.62212
9.0576,4.37337
9.46104,7.69117
5.86011,9.51884
2.03724,4.24631
2.83643,5.70414
8.56986,5.92544
9.13256,0.07144
9.7429,2.33172
5.06804,9.40799
8.02249,5.29065
4.54931,6.37418
9.67573,6.56081
9.47816,8.25105
2.44427,6.1612
2.52947,3.08359
9.41719,8.86842
6.6719,8.42211
7.58274,8.55627
9.03846,2.49924
8.43653,0.61621
7.01349,0.42391
8.70259,0.52585
6.47064,5.70504
9.09626,5.27658
5.21839,7.53939
5.19008,2.65428
3.27415,5.16428
3.44847,1.67481
2.21889,2.02667
8.95898,7.59958
1.00355,5.64439
3.43744,3.5038
4.38216,3.88179
5.3367,3.19399
6.57028,8.84152
8.89971,0.13679
7.33356,9.0564
1.21983,7.13053
8.27954,8.56681
5.57555,4.71565
1.43225,5.11038
4.58522,8.49776
3.67296,3.32349
1.13489,9.555
1.9752,9.48199
0.7175,5.53775
4.79128,0.47929
6.13703,9.02754
2.69709,4.49577
2.30728,0.08934
7.4934,4.51324
3.71584,1.15383
3.87207,8.65104
7.81986,9.09251
3.62725,5.41911
9.1235,2.6971
3.65391,2.29686
9.15716,0.96614
1.37235,8.8947
7.88491,1.18986
5.31592,9.33423
1.70619,6.06345
8.15309,6.48652
9.77077,4.36167
3.87447,3.63289
3.76796,9.04275
6.85983,8.67659
0.61244,2.46989
3.96467,2.70742
1.49637,5.79973
7.74302,5.18724
0.78578,4.79668
2.40124,6.74635
8.80732,1.37231
1.38748,8.77626
8.68119,7.24748
2.25834,6.15569
8.33635,7.116
4.01787,0.61461
4.11597,7.6756
3.8022,5.67189
5.29168,5.41658
2.71727,4.00554
0.61687,3.57795
1.54779,6.04056
2.16279,7.20871
0.08031,4.91288
7.88478,2.31202
2.57891,3.53283
2.81261,3.02752
4.08476,7.52893
6.30959,2.58889
9.46292,9.24604
4.14298,9.74331
2.16406,5.48482
0.5165,0.4449
7.75696,5.78994
2.69974,2.83281
5.51127,5.59083
6.83848,3.5223
1.06879,1.73328
2.16049,0.45294
2.62227,9.80774
1.48422,0.43218
3.06971,8.73954
6.34397,6.58084
6.85559,5.55019
4.60208,9.53591
8.68887,2.4814
1.01517,0.38404
9.76006,3.89598
3.51374,7.84142
9.66266,9.4909
3.40964,0.40515
1.77293,7.71399
2.49453,7.30292
4.16896,8.55823
4.2498,9.53292
7.26829,1.85964
0.04081,7.22456
1.73343,8.66694
3.05009,0.13449
3.21421,4.97378
6.99798,3.44381
7.35028,6.38614
8.25293,7.33206
8.84641,3.87761
2.38863,9.46573
6.68965,9.04913
1.84212,1.65291
0.76319,7.66077
9.90848,6.65809
4.92908,4.1095
5.14194,3.36341
2.77986,6.00683
3.47181,1.18209
8.96498,0.4374
7.64324,6.9282
4.62078,8.85799
2.43422,7.92485
3.78188,9.2223
5.04778,5.74344
3.96082,2.59654
0.70555,2.11743
4.42829,1.91039
8.14625,5.73919
5.93958,4.3543
2.67558,5.55096
6.08836,5.56334
9.79964,9.41878
0.77839,6.31167
4.48762,4.89829
4.06094,1.30405
0.75008,9.21726
4.13104,5.32178
4.73223,4.1747
6.30393,6.71632
0.27757,3.13793
4.60416,0.34333
2.53143,1.64494
9.88636,0.67549
3.32755,4.35321
0.96795,2.91009
7.47665,9.24541
8.82349,1.08118
2.62439,2.53424
7.56383,0.20535
0.76068,8.7964
9.36104,2.32631
7.86328,2.03317
6.567,0.37623
0.33968,8.21338
3.38297,2.61913
6.52587,4.229
0.74325,1.5963
5.17505,5.42753
8.02915,7.62108
8.93167,5.87088
9.16924,6.34855
8.28547,1.45459
5.95311,9.31216
8.61448,1.0556
6.17675,0.20386
6.74324,2.20771
7.60891,1.1258
0.20201,2.98205
5.9358,6.18527
3.967,6.497
5.50366,5.54199
7.03579,8.74789
8.10781,1.1519
3.0951,6.22463
9.91188,7.73498
4.96571,0.27968
1.63066,7.1417
5.85019,3.00607
1.52791,9.41526
3.4878,4.37069
5.3337,7.76268
4.83837,9.54161
6.21734,8.69936
8.54946,0.78446
0.67439,7.15485
6.18037,4.10204
4.22428,7.57003
2.09447,0.67357
5.23575,6.04881
6.82534,3.43267
8.86619,8.25096
4.78334,5.88553
7.72157,0.02678
1.3229,4.68623
9.21982,8.62501
3.22038,3.8821
5.98943,6.58002
4.48094,9.34822
4.63787,1.08767
6.19652,9.38323
6.65345,0.06259
5.75024,8.80415
4.21872,5.63943
6.29756,9.16047
4.89517,0.14062
2.7312,2.43667
5.41818,9.828
9.32641,5.70299
1.20918,2.65999
4.29781,4.48342
6.14214,9.82747
3.49979,9.54245
5.49752,6.43817
9.63402,5.2489
9.92649,3.1679
6.85733,0.49622
3.32663,7.56524
4.85543,5.18041
0.85613,8.69983
6.89234,2.75225
9.51836,4.99229
6.59346,5.79504
8.12667,7.91425
2.9665,1.9144
4.85739,5.20755
9.19461,5.15939
9.85835,0.18585
1.38366,8.36423
0.98433,5.09479
3.55777,4.28237
6.72361,3.51827
8.41437,5.55875
7.68895,9.85305
4.93293,6.19743
0.00049,2.98443
6.10053,0.32446
8.08297,8.50257
1.20714,9.82685
0.45205,4.03707
1.38049,8.05228
0.21674,0.21743
4.93428,2.1537
6.81486,1.66688
9.24394,0.68759
8.68428,0.58316
6.52513,9.99039
6.86652,7.71613
3.59015,9.06672
9.18677,6.67315
3.61601,5.41243
9.06258,5.86174
5.60301,0.03104
1.69975,2.43026
2.49617,0.32536
8.04354,5.49194
2.5892,5.06377
5.08633,1.55647
2.16216,9.00293
5.94748,3.5295
4.2412,3.74797
3.34086,8.08243
8.04332,4.22084
3.00772,8.85954
0.60577,3.32122
1.2784,4.14493
3.35039,4.16219
0.19654,1.76171
1.01945,2.8405
0.99669,3.6589
9.53325,0.95565
4.66528,4.11746
1.98153,0.555
4.69624,3.74942
6.03947,7.33077
1.38946,1.71577
8.59099,3.73054
8.57278,1.0049
1.41813,2.04381
6.24282,1.37088
4.56345,8.25948
9.10064,4.93466
8.49619,1.19428
8.48983,4.50801
7.3546,7.44138
1.48697,0.64714
9.25022,1.61545
0.08115,9.70387
0.8197,6.20111
4.51988,3.64709
7.62973,7.71077
9.55379,9.08999
6.69164,9.70025
5.23061,0.34925
3.35461,1.52346
9.66393,7.73204
2.76108,5.05354
3.42114,3.69331
1.50919,0.47335
4.66515,2.42626
0.32423,1.524
4.19758,6.51405
5.7196,6.23043
5.12628,8.42461
8.56226,4.60073
4.54805,7.5919
8.20211,7.86374
6.22007,6.13277
2.80258,6.01183
3.68291,4.54345
0.85921,9.37187
4.43362,2.26616
6.64829,8.45974
8.41608,1.91354
2.64576,6.94289
7.78658,9.84108
6.33017,4.71765
1.97069,5.28865
2.34906,2.0508
0.77527,1.36323
9.32629,9.60583
0.56146,2.11328
1.84047,8.63362
6.8447,7.43956
5.36473,8.45145
1.00963,2.20559
1.0979,1.00805
2.7944,7.03665
1.69018,4.79732
1.87005,2.47419
3.95742,5.24712
7.18565,0.08057
1.55916,7.20503
7.64812,7.03889
9.27544,1.76893
3.77777,1.17175
6.49712,2.97703
4.79397,6.39866
3.43518,5.86379
2.93389,0.75164
2.43683,0.83832
5.45303,1.04424
7.11485,7.10567
0.38691,3.78308
5.46566,2.28139
3.28376,9.77836
9.31254,9.739
0.64977,9.68556
0.4082,5.27552
1.53147,8.12989
0.95275,1.96651
2.93384,9.64517
0.94977,8.14739
1.09792,9.80613
7.17133,9.05385
1.83556,1.96642
0.29418,5.03958
5.03132,4.4602
9.86731,8.777
2.40457,2.72343
9.65952,0.39462
3.71383,0.02904
9.56029,9.96435
1.53958,4.73757
4.2846,6.81706
8.13541,4.79679
5.4657,1.49653
5.9077,6.1227
2.8825,0.36601
3.6186,6.92119
1.85761,4.19871
1.66652,3.97224
9.00513,8.06569
2.06735,1.82717
8.70098,8.2314
9.98188,0.50818
6.52753,0.78709
0.18415,0.46101
8.61199,3.58721
5.93476,6.52729
9.37415,0.42893
7.27767,4.45522
2.7137,2.98439
1.5778,1.59471
6.78625,0.96194
1.85559,2.73659
4.54759,4.07818
5.97831,1.38618
9.14544,2.89451
4.22449,9.73661
6.97573,8.46649
3.02635,2.88042
4.02692,9.29636
8.42713,4.74014
7.56191,0.14765
1.70429,8.95192
7.26551,0.19589
5.19011,5.45366
2.93777,9.19025
8.45328,4.7637
8.62942,5.87055
8.12865,7.02668
2.24157,0.92265
3.44305,4.46558
9.46327,9.02039
0.60679,4.44104
7.30415,8.8844
9.05545,7.83103
7.19235,6.81234
9.92872,7.33437
4.59525,1.85832
4.71725,5.81913
5.93892,6.03655
5.83274,6.04674
0.77454,8.6822
3.47067,1.84372
7.51563,9.84058
8.79392,8.68895
9.46903,1.61188
5.537,3.65958
2.56977,6.02211
7.17582,4.2515
1.67243,3.46151
9.20972,0.34981
2.60869,8.69387
7.60594,9.73637
1.30253,4.58633
3.61748,3.89898
2.45652,1.18785
2.04563,8.82912
5.43519,5.32148
6.40188,0.52414
1.46825,6.42141
6.98598,4.27158
9.13453,1.03094
8.87251,9.12431
5.04697,0.86406
6.76607,8.06442
0.47598,0.68687
3.70323,1.34421
9.10686,6.64011
8.07207,5.77111
5.11519,4.46506
6.47611,9.86337
9.36378,1.95295
4.54331,1.84319
4.22502,8.07675
5.90077,5.98624
8.97103,5.47346
8.66611,7.93888
5.60187,8.76945
1.41081,0.50375
2.68973,8.92465
5.33429,5.88305
1.555,9.94833
0.65448,8.47069
2.12777,9.69806
4.67116,6.59549
3.7768,7.73563
8.87322,6.89239
5.482,7.59475
8.63952,9.78349
0.15123,9.95978
9.02751,1.30216
7.7933,9.90764
7.22018,9.51173
5.04846,3.0363
2.91545,2.71719
8.78662,9.62589
0.33181,0.78292
3.02673,4.36979
0.08397,8.4165
3.25967,9.74381
8.92133,5.02567
2.15093,0.33534
2.14596,5.93887
1.10165,4.00007
2.05429,5.52688
0.15663,1.99348
1.97129,4.10748
7.66786,4.31772
4.99813,0.79735
2.91647,1.17309
1.17086,7.3269
0.2642,3.42606
7.94503,2.48804
1.00896,9.63733
5.43122,3.69645
1.23594,1.37325
8.01525,0.39659
0.84125,9.83821
6.52558,9.5531
3.41767,6.01997
9.62394,0.35853
1.38988,7.29989
4.5169,8.60485
3.008,5.93037
9.75723,1.0252
6.55778,5.81653
5.44717,9.30769
9.65285,2.02564
4.02192,6.74942
1.61417,9.55647
4.16223,1.2204
5.26536,5.53142
4.44578,1.05892
7.73757,8.76079
0.00043,3.48767
0.36819,7.22319
6.74002,3.45334
7.54685,4.48925
5.15809,3.64614
3.1697,4.81221
0.91393,9.19085
4.68137,6.43639
3.26376,2.53024
9.4257,1.90063
9.16142,9.91038
1.61336,6.37035
1.29402,2.10848
0.56876,6.56352
7.27847,6.81786
9.71562,8.54206
2.92777,2.17415
5.71134,0.1508
6.4169,2.40213
5.19317,4.64365
4.90837,4.07555
0.38288,4.97897
1.72274,7.02592
3.77756,9.21073
0.08119,4.91263
0.89275,5.02375
9.64086,3.48641
5.03688,9.41316
1.36879,6.51068
1.31756,0.74283
6.20596,2.06355
4.27195,6.04434
1.88307,2.76993
4.69617,0.34586
6.03709,2.50348
2.08664,6.7218
3.39914,6.10471
0.07078,0.72863
2.34787,1.92932
7.46834,1.12488
0.25416,6.18023
0.47099,4.89165
8.69039,7.73766
9.82823,3.96985
0.16877,3.6523
4.74154,6.57735
2.604,9.61616
3.22198,2.88546
5.13844,2.19548
0.51516,3.06911
4.07956,6.97613
0.57062,2.35948
5.76938,0.88693
8.63223,2.77808
9.118,0.71363
2.13621,5.94878
5.0654,2.55671
1.6359,0.50087
8.11371,8.50895
6.98717,3.2503
0.03863,3.81991
0.13603,9.63115
3.54149,7.70677
9.07169,4.05563
0.14662,5.34321
9.23718,5.34179
4.2493,6.21486
7.95118,0.42188
2.52782,2.81329
8.61585,9.21749
7.69581,9.55569
6.70409,8.40343
9.04677,1.12025
7.96718,7.41435
5.09419,1.1513
1.01377,6.96639
1.61308,7.9802
9.04451,0.11056
5.62142,2.84364
9.28283,6.59801
5.41655,3.12983
5.3708,5.27906
5.52918,1.85703
6.56098,7.25616
8.15684,8.09312
4.58727,5.5502
3.53347,9.14493
7.76675,7.85575
2.85858,1.86875
5.13232,3.04397
1.91105,1.36169
6.70264,3.11109
4.88009,9.37502
2.76252,0.17788
3.86097,2.18175
1.02393,1.82372
4.30422,5.25659
0.39207,8.81486
4.53235,1.67521
4.7575,5.99601
1.82331,6.41426
5.36791,4.05446
7.80668,2.29741
4.90893,7.68166
5.77398,0.96189
5.69204,4.85053
5.82732,2.17692
0.44646,4.0621
2.21885,3.62145
4.65186,2.94423
4.50302,3.00551
4.01396,8.04596
5.80752,6.773
8.73504,7.03818
5.18639,5.45471
7.06065,4.48419
8.94201,1.66397
9.33933,5.85658
6.79365,7.01818
6.38592,9.71977
4.29595,8.07979
3.83576,5.9635
8.37572,5.09681
4.43167,6.26792
9.13658,9.6116
9.38074,7.14434
3.88868,3.41355
6.90802,4.17703
2.06093,0.95572
1.29769,8.10026
2.25304,7.08769
5.7016,1.41726
8.96453,0.71479
2.42809,5.6608
3.54991,1.16498
9.80422,2.05399
2.91083,5.74275
4.38098,4.32745
4.01512,6.2099
8.8775,9.28402
0.09575,9.44932
3.10661,6.94639
2.47729,2.51822
4.99944,8.82906
2.29527,5.13151
0.69085,9.68752
4.22157,8.63828
6.67492,4.48585
2.83679,6.55911
8.2558,8.01617
1.36467,3.7228
3.62805,0.37388
2.43742,1.55814
0.1606,7.34454
0.27587,8.45767
5.70568,2.16865
3.5154,4.43949
1.70363,6.13936
5.80463,5.10816
1.33793,5.94952
6.88254,1.6461
4.64572,8.21972
4.80661,8.1109
9.34146,1.42192
4.78616,2.189
6.21635,4.37171
2.21712,3.75325
6.397,6.96923
0.17031,7.70359
5.08384,7.07712
7.78394,8.12176
9.76764,2.2931
6.65475,7.93665
2.20272,5.8586
8.32354,4.04461
0.8184,4.01013
7.42376,6.64757
9.19094,0.76466
7.52475,0.9142
8.42022,8.97604
4.37475,3.85384
5.41217,9.93249
0.02337,7.49385
8.96053,7.54454
1.72063,8.47793
2.16432,2.22129
4.23326,1.54925
7.00499,7.1167
8.63949,4.62656
1.43341,4.35837
5.51402,1.61807
3.81045,5.73065
1.64461,7.09698
7.51739,7.29821
4.59134,7.39773
6.10159,1.25969
9.59417,6.95052
7.59924,5.44086
6.01481,6.47555
3.6424,7.32007
0.76055,4.33377
2.96233,2.17093
4.96949,5.84043
9.8464,4.17956
6.65497,6.77086
3.86675,9.5742
2.98884,4.86705
1.16522,1.36657
4.10628,0.40191
3.07108,8.88332
6.65347,0.13347
3.00015,0.67327
4.46231,7.70082
9.36724,3.87866
8.98984,4.36364
0.88188,7.03758
2.09592,1.27868
4.37401,9.35185
9.07136,7.02085
3.95921,7.1094
2.65864,7.09806
1.08829,5.22002
9.88171,4.93956
5.74688,2.92306
6.50116,5.40787
8.7806,2.15299
0.60895,3.79228
5.24604,3.1582
2.02068,4.70136
2.64195,6.53977
0.03371,0.2467
9.64745,4.54419
6.11856,8.16114
2.35835,6.94737
6.10886,3.14767
6.67054,7.50407
2.58666,6.8648
7.71621,9.6701
1.54732,1.13849
1.51943,1.48196
5.22323,7.72893
2.78286,3.84595
2.44523,1.17215
6.51382,0.12627
7.73035,6.58514
4.71329,6.23569
5.59909,6.41428
2.91072,5.12375
1.87819,7.73266
8.56351,2.45463
1.32795,4.05562
8.78803,3.4714
8.47536,9.38898
1.83754,9.08287
8.97202,2.0993
9.62425,7.75898
0.33756,7.62736
7.10917,9.65288
4.35559,3.29955
0.32132,1.93579
3.98367,5.30793
5.20062,5.12598
4.65213,6.09257
2.45498,5.7757
7.64804,9.27891
9.1539,1.66096
7.06797,6.27913
4.24672,3.13825
6.27568,0.25808
7.70759,7.87696
7.68498,3.27715
5.36248,2.71817
9.93067,4.63202
7.09138,0.28693
3.84144,8.52343
5.02323,2.97922
7.02576,3.49249
7.72888,6.02334
2.88651,2.53946
1.75489,2.99739
3.47186,5.67111
4.90869,9.45004
8.85657,1.58021
1.22606,1.31248
1.16554,3.46879
8.44468,4.04737
2.02413,7.0936
7.96429,2.66431
2.89555,6.34682
5.15687,2.75235
0.05026,5.39624
2.64372,7.8953
3.22851,6.45669
7.66983,8.598
3.4652,1.52707
8.22783,9.04344
6.57947,2.87842
8.51522,6.55878
1.53082,8.3833
5.88835,7.57322
5.20149,3.81818
2.96001,0.24961
2.63594,5.82153
7.5003,1.77889
9.71016,0.75475
3.45146,7.37971
8.64374,5.87076
1.23095,4.67742
1.58442,2.04817
8.13356,1.18588
1.97361,4.69639
6.16139,0.59035
9.26125,8.40058
5.85693,1.69793
3.28208,9.82355
4.27094,4.83338
8.56351,6.1177
7.24652,2.83947
6.10081,0.21128
3.04545,3.91014
0.15655,0.82783
1.82496,5.1399
4.45551,5.07656
8.99809,1.57898
5.50417,4.00639
3.73843,9.92661
5.05256,2.95816
2.54618,4.25273
2.02496,4.64604
3.01123,6.18237
5.9412,7.86097
0.58049,1.53085
1.11218,9.47032
4.09356,8.85576
6.00461,8.12067
6.90288,8.93601
0.85802,3.30869
4.9879,7.41785
6.71668,4.13977
6.53037,2.59672
4.78409,2.09262
7.5674,1.32762
3.27621,7.44698
0.69533,9.12486
0.45522,8.8391
9.51081,1.83248
2.2154,9.96587
2.83674,7.68871
5.59232,0.35395
4.91899,6.31394
5.3021,2.3493
5.90845,8.73538
7.44216,2.35247
8.02624,6.34262
5.73177,6.6208
5.36492,3.22915
3.11206,2.87134
4.42055,6.05459
5.4271,7.74278
6.63753,3.82496
0.31003,6.50776
0.19596,6.70364
2.64694,4.15318
8.43724,5.13554
6.2426,6.77749
2.8849,0.2029
3.41636,5.74223
2.10364,2.30942
3.74723,6.16396
6.17606,5.64797
9.73983,5.56635
5.24308,7.73276
3.68923,0.83715
6.77863,6.15926
3.54839,4.65217
0.52195,4.49128
8.0547,1.23768
0.5683,6.89308
2.41261,9.34569
9.63149,1.25392
9.54844,1.9784
0.44784,0.84013
8.85833,6.02319
1.83643,3.91675
2.36132,8.19782
2.96245,0.09296
3.51608,8.96201
9.40121,8.28147
6.49601,6.55318
3.85165,7.91563
5.10648,6.58949
4.22448,5.45605
6.89127,7.06912
5.05897,7.88163
8.32802,2.86993
0.37343,8.73579
0.73846,0.73268
0.15596,6.5144
5.17096,7.52724
3.01823,6.77363
2.24951,2.46184
4.36088,0.22169
2.96327,5.70665
8.57114,7.85861
4.87113,4.13545
0.25122,7.4779
2.12654,1.7098
5.13007,6.00807
5.87277,7.7753
2.28698,3.35481
1.68048,1.27421
0.64484,7.54441
9.30577,9.41313
5.51065,0.49304
6.87283,3.26239
8.9377,1.17327
4.17934,2.65328
0.47836,7.40625
7.39617,5.91349
4.00601,9.67879
3.66963,1.3874
7.50938,1.24367
1.19499,6.14639
9.61089,7.59859
0.77613,6.63993
4.70382,9.37267
7.34724,5.60757
8.03448,9.51485
8.85029,8.07368
